stopped enemies/khorneth.png 4 0 -1
0	216	88	72	44	65	1	1
0	216	88	72	44	65	1	1
0	216	88	72	44	65	1	1
0	216	88	72	44	65	1	1

walking enemies/khorneth.png 4 250 0
0	216	88	72	44	65	4	4
0	216	88	72	44	65	4	4
0	216	88	72	44	65	4	4
0	216	88	72	44	65	4	4

hurt enemies/khorneth.png 4 50 0
352	216	88	72	44	65	3	3
352	216	88	72	44	65	3	3
352	216	88	72	44	65	3	3
352	216	88	72	44	65	3	3

left_blade_attack enemies/khorneth.png 4 100 -1
0	432	88	72	44	65	11	11
0	432	88	72	44	65	11	11
0	432	88	72	44	65	11	11
0	432	88	72	44	65	11	11

right_blade_attack enemies/khorneth.png 4 100 -1
0	648	88	72	28	65	11	11
0	648	88	72	28	65	11	11
0	648	88	72	28	65	11	11
0	648	88	72	28	65	11	11
