3056	1136	-1	2	0	0	-1	0	same
0	0	536	480	32	24	200
0	0	336	504	96	112	3
0	0	336	328	96	80	3
0	0	240	296	80	32	3
0	0	232	264	96	24	195
0	0	656	496	224	144	3
0	0	112	488	24	24	57
0	0	136	488	128	24	195
0	0	112	512	24	80	197
0	0	112	592	24	24	59
0	0	304	600	24	32	197
0	0	304	624	24	24	59
0	0	136	592	176	24	200
0	0	304	592	24	24	66
0	0	328	624	112	24	200
0	0	136	400	128	24	200
0	0	256	416	24	80	197
0	0	256	488	24	24	68
0	0	256	400	24	24	66
0	0	144	520	144	64	3
0	0	112	400	24	24	59
0	0	112	320	24	80	197
0	0	112	296	24	24	57
0	0	136	296	80	24	195
0	0	208	288	24	16	197
0	0	208	264	24	24	57
0	0	208	296	24	24	68
0	0	144	512	144	8	30
0	0	144	584	192	8	33
0	0	136	520	8	64	32
0	0	136	512	8	8	26
0	0	136	584	8	8	28
0	0	440	624	24	24	60
0	0	440	592	24	32	199
0	0	456	576	64	24	200
0	0	520	576	24	24	60
0	0	520	496	24	80	199
0	0	440	576	24	24	65
0	0	432	328	80	240	3
0	0	328	592	8	32	32
0	0	336	616	96	8	33
0	0	432	576	8	48	31
0	0	432	568	80	8	33
0	0	512	496	8	80	31
0	0	328	616	8	8	28
0	0	432	616	8	8	29
0	0	328	584	8	8	35
0	0	432	568	8	8	34
0	0	144	328	144	64	3
0	0	512	568	8	8	29
0	0	136	328	8	64	32
0	0	144	392	144	8	33
0	0	280	400	8	112	32
0	0	280	392	8	8	35
0	0	280	512	8	8	37
0	0	136	392	8	8	28
0	0	136	320	8	8	26
0	0	144	320	96	8	30
0	0	336	296	96	24	195
0	0	320	264	24	24	58
0	0	424	264	24	24	57
0	0	320	288	24	16	199
0	0	424	288	24	16	197
0	0	320	296	24	24	67
0	0	424	296	24	24	68
0	0	240	288	80	8	30
0	0	320	320	128	8	30
0	0	312	296	8	32	31
0	0	232	288	8	32	32
0	0	352	400	64	24	200
0	0	352	488	64	24	195
0	0	408	416	24	80	197
0	0	336	416	24	80	199
0	0	336	400	24	24	65
0	0	336	488	24	24	67
0	0	408	400	24	24	66
0	0	408	488	24	24	68
0	0	288	328	48	256	3
0	0	336	512	96	8	30
0	0	336	392	96	8	33
0	0	328	400	8	112	31
0	0	432	400	8	112	32
0	0	432	512	8	8	37
0	0	432	392	8	8	35
0	0	328	392	8	8	34
0	0	328	512	8	8	36
0	0	232	288	8	8	26
0	0	312	288	8	8	27
0	0	232	320	8	8	37
0	0	312	320	8	8	36
0	0	48	128	224	64	3
0	0	176	48	96	80	3
0	0	560	480	24	24	60
0	0	520	480	24	24	65
0	0	2776	40	24	24	57
0	0	2896	40	24	24	58
0	0	2800	40	96	24	195
0	0	2992	104	24	24	58
0	0	2992	176	24	24	60
0	0	2776	176	24	24	59
0	0	2776	64	24	112	197
0	0	2800	176	192	24	200
0	0	2992	128	24	48	199
0	0	2912	104	80	24	195
0	0	2896	64	24	48	199
0	0	2896	104	24	24	67
0	0	2800	64	96	112	3
0	0	2896	128	96	48	3
0	0	2808	64	80	8	30
0	0	2800	72	8	96	32
0	0	2808	168	176	8	33
0	0	2896	128	96	8	30
0	0	2984	136	8	32	31
0	0	2888	128	8	8	36
0	0	2984	168	8	8	29
0	0	2984	128	8	8	27
0	0	2800	168	8	8	28
0	0	2800	64	8	8	26
0	0	2888	176	16	16	77
0	0	2992	264	24	24	58
0	0	2768	264	224	24	195
0	0	2952	112	16	24	245
0	0	2968	112	8	24	244
0	0	2944	112	8	24	243
0	0	2888	272	16	16	76
0	0	2880	272	8	16	72
0	0	2904	272	8	16	73
0	0	2880	176	8	16	74
0	0	2904	176	8	16	75
0	0	2992	352	24	24	60
0	0	2864	352	128	24	200
0	0	2848	368	24	256	199
0	0	2848	624	24	24	60
0	0	2632	624	24	24	59
0	0	2656	624	192	24	200
0	0	2632	528	24	96	197
0	0	2496	512	144	24	200
0	0	2472	512	24	24	59
0	0	2632	512	24	24	66
0	0	2472	264	24	24	57
0	0	2496	264	272	24	195
0	0	2472	288	24	224	197
0	0	2848	352	24	24	65
0	0	2992	288	24	64	199
0	0	2888	192	16	80	3
0	0	2568	504	16	24	257
0	0	2560	504	8	24	255
0	0	2584	504	8	24	256
0	0	2504	296	336	208	3
0	0	2840	296	144	48	3
0	0	2664	504	176	112	3
5	0	144	520	chest	0	_none	1	-1
11	0	232	544	switch	1	0	0
6	0	136	352	72	8	jump_sensor_5	2	40
6	0	208	360	8	40	jump_sensor_7	0	40
15	0	176	520	16	48	0
15	0	144	552	32	16	0
15	0	2880	64	16	64	1
15	0	2800	112	80	16	1
14	0	2840	93	crystal_switch_2
19	0	2952	112	stairs	1	4
6	0	2912	64	8	40	jump_sensor_12	4	40
6	0	2920	104	24	8	jump_sensor_13	6	40
6	0	2976	104	16	8	jump_sensor_14	6	40
0	1	656	712	1760	160	2
0	1	464	600	112	48	2
0	1	112	264	96	32	2
0	1	112	616	192	32	2
0	1	48	488	64	160	2
0	1	144	16	24	24	45
0	1	280	16	24	24	46
0	1	16	200	24	24	47
0	1	280	200	24	24	48
0	1	16	120	24	80	51
0	1	40	200	240	24	52
0	1	280	40	24	160	50
0	1	168	16	112	24	49
0	1	16	240	24	24	45
0	1	16	424	24	24	47
0	1	16	264	24	160	51
0	1	40	240	544	24	49
0	1	584	240	24	24	46
0	1	584	264	24	384	50
0	1	16	464	24	24	45
0	1	16	648	24	24	47
0	1	16	488	24	160	51
0	1	40	648	544	24	52
0	1	584	648	24	24	48
0	1	624	464	24	24	45
0	1	888	464	24	24	46
0	1	624	648	24	24	47
0	1	888	648	24	24	48
0	1	624	488	24	160	51
0	1	648	648	240	24	52
0	1	888	488	24	160	50
0	1	648	464	240	24	49
0	1	584	688	24	24	46
0	1	584	872	24	24	48
0	1	584	712	24	160	50
0	1	96	688	24	24	45
0	1	96	872	24	24	47
0	1	96	712	24	160	51
0	1	120	872	464	24	52
0	1	120	688	464	24	49
0	1	320	912	24	24	45
0	1	584	912	24	24	46
0	1	320	1096	24	24	47
0	1	584	1096	24	24	48
0	1	320	936	24	160	51
0	1	344	1096	240	24	52
0	1	584	936	24	160	50
0	1	344	912	240	24	49
0	1	672	472	8	16	72
0	1	696	472	8	16	73
0	1	680	472	16	16	177
0	1	672	464	32	8	154
0	1	680	464	16	8	158
0	1	40	424	160	24	52
0	1	40	464	160	24	49
0	1	192	440	24	32	51
0	1	192	424	24	24	54
0	1	192	464	24	24	56
0	1	80	424	16	16	77
0	1	144	424	16	16	77
0	1	80	472	16	16	76
0	1	144	472	16	16	76
0	1	72	424	8	16	74
0	1	96	424	8	16	75
0	1	136	424	8	16	74
0	1	160	424	8	16	75
0	1	72	472	8	16	72
0	1	96	472	8	16	73
0	1	136	472	8	16	72
0	1	160	472	8	16	73
0	1	48	488	64	8	18
0	1	40	496	8	144	20
0	1	48	640	256	8	21
0	1	232	696	16	16	76
0	1	232	648	16	16	77
0	1	224	648	8	16	74
0	1	248	648	8	16	75
0	1	224	696	8	16	72
0	1	248	696	8	16	73
0	1	40	640	8	8	16
0	1	40	488	8	8	14
0	1	104	488	8	8	69
0	1	104	616	8	8	69
0	1	128	616	8	8	69
0	1	104	496	8	120	71
0	1	112	616	16	8	70
0	1	224	424	32	64	2
0	1	216	424	8	64	20
0	1	48	264	64	160	2
0	1	48	264	160	8	18
0	1	40	272	8	144	20
0	1	48	416	64	8	21
0	1	40	264	8	8	14
0	1	40	416	8	8	16
0	1	128	720	448	144	2
0	1	152	248	16	16	76
0	1	152	200	16	16	77
0	1	144	248	8	16	72
0	1	168	248	8	16	73
0	1	144	200	8	16	74
0	1	168	200	8	16	75
0	1	208	616	8	8	69
0	1	216	616	80	8	70
0	1	296	616	8	8	69
0	1	296	624	8	16	71
0	1	296	640	8	8	69
0	1	584	560	16	16	83
0	1	632	560	16	16	82
0	1	584	552	16	8	79
0	1	584	576	16	8	81
0	1	632	552	16	8	78
0	1	632	576	16	8	80
0	1	464	640	112	8	21
0	1	480	648	16	16	77
0	1	480	696	16	16	76
0	1	472	696	8	16	72
0	1	496	696	8	16	73
0	1	472	648	8	16	74
0	1	496	648	8	16	75
0	1	576	504	8	144	19
0	1	544	504	32	96	2
0	1	648	496	8	144	20
0	1	880	496	8	144	19
0	1	656	640	224	8	21
0	1	656	488	224	8	18
0	1	648	488	8	8	14
0	1	648	640	8	8	16
0	1	880	640	8	8	17
0	1	880	488	8	8	15
0	1	576	640	8	8	17
0	1	480	872	16	16	77
0	1	480	920	16	16	76
0	1	472	920	8	16	72
0	1	496	920	8	16	73
0	1	472	872	8	16	74
0	1	496	872	8	16	75
0	1	128	864	448	8	21
0	1	128	712	448	8	18
0	1	120	720	8	144	20
0	1	576	720	8	144	19
0	1	624	688	24	24	45
0	1	624	872	24	24	47
0	1	624	712	24	160	51
0	1	648	872	608	24	52
0	1	648	688	608	24	49
0	1	1256	872	608	24	52
0	1	1256	688	608	24	49
0	1	1864	872	544	24	52
0	1	1864	688	544	24	49
0	1	2408	688	24	24	46
0	1	2408	872	24	24	48
0	1	2408	712	24	160	50
0	1	2144	464	24	24	45
0	1	2408	464	24	24	46
0	1	2144	648	24	24	47
0	1	2408	648	24	24	48
0	1	2144	488	24	160	51
0	1	2168	648	240	24	52
0	1	2408	488	24	160	50
0	1	2168	464	240	24	49
0	1	2448	688	24	24	45
0	1	2448	872	24	24	47
0	1	2448	712	24	160	51
0	1	2472	872	384	24	52
0	1	2472	688	384	24	49
0	1	2448	912	24	24	45
0	1	2712	912	24	24	46
0	1	2448	1096	24	24	47
0	1	2712	1096	24	24	48
0	1	2448	936	24	160	51
0	1	2472	1096	240	24	52
0	1	2712	936	24	160	50
0	1	2472	912	240	24	49
0	1	2856	688	24	24	46
0	1	2856	872	24	24	48
0	1	2856	712	24	160	50
0	1	2448	648	24	24	47
0	1	2472	648	400	24	52
0	1	2448	240	24	24	45
0	1	2448	264	24	384	51
0	1	2472	240	544	24	49
0	1	3016	240	24	24	46
0	1	3016	264	24	112	50
0	1	2872	648	24	24	48
0	1	2752	16	24	24	45
0	1	3016	16	24	24	46
0	1	2752	200	24	24	47
0	1	3016	200	24	24	48
0	1	2752	40	24	160	51
0	1	2776	200	240	24	52
0	1	3016	40	24	160	50
0	1	2776	16	240	24	49
0	1	1384	464	24	24	45
0	1	1648	464	24	24	46
0	1	1384	648	24	24	47
0	1	1648	648	24	24	48
0	1	1384	488	24	160	51
0	1	1408	648	240	24	52
0	1	1648	488	24	160	50
0	1	1408	464	240	24	49
0	1	1520	696	16	16	76
0	1	1520	648	16	16	77
0	1	584	784	16	16	83
0	1	632	784	16	16	82
0	1	584	776	16	8	79
0	1	584	800	16	8	81
0	1	632	776	16	8	78
0	1	632	800	16	8	80
0	1	352	944	224	144	2
0	1	1512	648	8	16	74
0	1	1536	648	8	16	75
0	1	1416	496	224	144	2
0	1	1408	488	8	8	14
0	1	1408	496	8	144	20
0	1	1416	640	224	8	21
0	1	1640	496	8	144	19
0	1	1416	488	224	8	18
0	1	1640	488	8	8	15
0	1	1640	640	8	8	17
0	1	1408	640	8	8	16
0	1	656	712	1744	8	18
0	1	1120	864	1280	8	21
0	1	648	720	8	144	20
0	1	656	864	464	8	21
0	1	648	712	8	8	14
0	1	648	864	8	8	16
0	1	576	864	8	8	17
0	1	576	712	8	8	15
0	1	120	712	8	8	14
0	1	120	864	8	8	16
0	1	464	640	8	8	69
0	1	464	600	8	8	69
0	1	464	608	8	32	71
0	1	112	488	96	80	302
0	1	208	536	160	16	302
0	1	368	296	32	128	302
0	1	208	552	96	64	302
0	1	304	552	64	48	302
0	1	112	360	96	64	302
0	1	104	296	8	8	69
0	1	104	304	8	112	71
0	1	104	416	8	8	69
0	1	360	424	48	64	2
0	1	368	488	32	112	302
0	1	360	424	8	8	69
0	1	360	480	8	8	69
0	1	400	480	8	8	69
0	1	400	424	8	8	69
0	1	360	432	8	48	71
0	1	400	432	8	48	71
0	1	344	264	80	32	2
0	1	344	264	80	8	18
0	1	344	264	8	8	69
0	1	416	264	8	8	69
0	1	344	288	8	8	69
0	1	416	288	8	8	69
0	1	344	272	8	16	71
0	1	416	272	8	16	71
0	1	360	288	8	8	69
0	1	400	288	8	8	69
0	1	352	288	8	8	70
0	1	408	288	8	8	70
0	1	600	560	32	16	2
0	1	480	664	16	32	2
0	1	232	664	16	32	2
0	1	80	440	16	32	2
0	1	144	440	16	32	2
0	1	152	216	16	32	2
0	1	16	96	24	24	45
0	1	40	96	112	24	49
0	1	144	40	24	64	51
0	1	144	96	24	24	56
0	1	40	128	8	64	20
0	1	48	192	224	8	21
0	1	272	48	8	144	19
0	1	176	40	96	8	18
0	1	168	48	8	80	20
0	1	48	120	128	8	18
0	1	40	120	8	8	14
0	1	40	192	8	8	16
0	1	272	192	8	8	17
0	1	168	40	8	8	14
0	1	272	40	8	8	15
0	1	168	120	8	8	25
0	1	480	888	16	32	2
0	1	600	784	32	16	2
0	1	1520	664	16	32	2
0	1	2408	784	16	16	83
0	1	2456	784	16	16	82
0	1	2456	800	16	8	80
0	1	2456	776	16	8	78
0	1	2408	776	16	8	79
0	1	2408	800	16	8	81
0	1	2480	720	368	144	2
0	1	2672	720	72	144	228
0	1	2672	728	8	128	234
0	1	2736	728	8	128	235
0	1	2480	712	368	8	18
0	1	2680	720	56	8	233
0	1	2680	856	56	8	236
0	1	2736	856	8	8	232
0	1	2672	856	8	8	230
0	1	2672	720	8	8	229
0	1	2736	720	8	8	231
0	1	2480	864	368	8	21
0	1	2472	720	8	144	20
0	1	2472	712	8	8	14
0	1	2472	864	8	8	16
0	1	2848	720	8	144	19
0	1	2848	864	8	8	17
0	1	2848	712	8	8	15
0	1	2400	720	8	144	19
0	1	2400	712	8	8	15
0	1	2400	864	8	8	17
0	1	2568	696	16	16	76
0	1	2568	648	16	16	77
0	1	2424	784	32	16	2
0	1	2280	648	16	16	77
0	1	2280	696	16	16	76
0	1	2280	664	16	32	2
0	1	2272	696	8	16	72
0	1	2296	696	8	16	73
0	1	2296	648	8	16	75
0	1	2272	648	8	16	74
0	1	2560	696	8	16	72
0	1	2584	696	8	16	73
0	1	2560	648	8	16	74
0	1	2584	648	8	16	75
0	1	2952	24	16	16	176
0	1	2944	24	8	16	72
0	1	2968	24	8	16	73
0	1	2920	40	96	64	2
0	1	2920	40	96	8	18
0	1	3008	40	8	64	19
0	1	3008	40	8	8	15
0	1	2944	104	32	8	242
0	1	3016	376	24	24	48
0	1	2888	376	128	24	52
0	1	2872	392	24	256	50
0	1	2872	376	24	24	53
0	1	2832	264	128	8	264
0	1	2848	192	96	8	265
0	1	2560	528	32	8	254
0	1	2472	536	160	112	2
0	1	2472	536	8	112	20
0	1	2472	640	160	8	21
0	1	2472	640	8	8	16
0	1	2568	664	16	32	2
0	1	2272	672	8	16	71
0	1	2296	672	8	16	71
0	1	2432	776	16	8	70
0	1	2432	800	16	8	70
0	1	2560	672	8	16	71
0	1	2584	672	8	16	71
0	1	2176	496	224	144	2
0	1	2176	488	224	8	18
0	1	2176	640	224	8	21
0	1	2168	496	8	144	20
0	1	2400	496	8	144	19
0	1	2168	488	8	8	14
0	1	2168	640	8	8	16
0	1	2400	640	8	8	17
0	1	2400	488	8	8	15
0	1	2568	872	16	16	77
0	1	2568	920	16	16	76
0	1	2560	920	8	16	72
0	1	2584	920	8	16	73
0	1	2560	872	8	16	74
0	1	2584	872	8	16	75
0	1	2480	944	224	144	2
0	1	2480	936	224	8	18
0	1	2472	944	8	144	20
0	1	2480	1088	224	8	21
0	1	2704	944	8	144	19
0	1	2472	1088	8	8	16
0	1	2704	1088	8	8	17
0	1	2472	936	8	8	14
0	1	2704	936	8	8	15
18	1	136	472	door	1	1	0
18	1	136	424	door_2	3	1	0
14	1	240	461	crystal_switch
15	1	40	344	64	16	1
6	1	136	608	72	8	jump_sensor	2	40
18	1	504	696	door_3	1	0	-1
18	1	504	648	door_4	3	0	-1
18	1	1512	696	door_5	1	3	0
18	1	1512	648	door_6	3	3	0
5	1	1520	560	chest_2	0	_none	1	-1
6	1	112	568	96	8	jump_sensor_2	6	40
6	1	328	600	72	8	jump_sensor_3	6	40
6	1	208	528	160	8	jump_sensor_4	2	40
6	1	208	512	8	24	jump_sensor_6	0	40
5	1	144	368	chest_3	0	big_key	1	-1
6	1	360	512	8	24	jump_sensor_8	4	40
6	1	360	320	8	80	jump_sensor_9	4	40
6	1	400	320	8	80	jump_sensor_10	0	40
6	1	400	512	8	88	jump_sensor_11	0	40
11	1	384	448	switch_2	1	0	0
4	1	392	461	0	_random	1	-1
1	1	384	285	destination_point	-1	1
5	1	2952	72	chest_4	0	rupee	4	108
12	1	2944	104	8	8	custom_obstacle	1	1	1	1
12	1	2968	104	8	8	custom_obstacle_2	1	1	1	1
15	1	2952	88	16	16	0
19	1	2568	512	stairs_2	3	4
6	1	2496	528	64	8	jump_sensor_15	2	40
6	1	2592	528	40	8	jump_sensor_16	2	40
6	1	2632	536	8	88	jump_sensor_17	0	40
12	1	2560	528	8	8	custom_obstacle_3	1	1	1	1
12	1	2584	528	8	8	custom_obstacle_4	1	1	1	1
1	1	688	485	from2Fb_left	3	0
19	1	680	472	stairs_3	1	1
2	1	680	472	16	16	to2Fb_left	0	1	23	from3F_left
0	2	16	448	176	16	170
0	2	72	464	32	8	152
0	2	72	440	32	8	153
0	2	136	440	32	8	155
0	2	136	464	32	8	154
0	2	224	664	32	8	153
0	2	224	688	32	8	152
0	2	16	672	592	16	170
0	2	0	0	16	896	170
0	2	320	896	288	16	170
0	2	0	896	320	240	170
0	2	16	688	80	208	170
0	2	144	216	32	8	153
0	2	144	240	32	8	152
0	2	600	552	8	32	165
0	2	624	552	8	32	164
0	2	472	664	32	8	155
0	2	472	688	32	8	154
0	2	472	888	32	8	153
0	2	472	912	32	8	152
0	2	16	224	288	16	170
0	2	16	0	288	16	170
0	2	304	0	304	240	170
0	2	608	464	16	432	170
0	2	320	1120	288	16	170
0	2	608	0	304	464	170
0	2	624	776	8	32	164
0	2	600	776	8	32	165
0	2	608	896	1840	240	170
0	2	2736	896	320	240	170
0	2	624	672	288	16	170
0	2	1384	672	288	16	170
0	2	912	464	472	224	170
0	2	1672	464	472	224	170
0	2	2432	464	16	432	170
0	2	2144	672	288	16	170
0	2	2448	672	592	16	170
0	2	2448	896	288	16	170
0	2	2448	1120	288	16	170
0	2	2752	0	304	16	170
0	2	2752	224	304	16	170
0	2	3040	240	16	656	170
0	2	3040	16	16	208	170
0	2	2448	0	304	240	170
0	2	912	0	624	464	170
0	2	1536	0	912	464	170
0	2	1512	688	32	8	154
0	2	1512	664	32	8	155
0	2	16	16	128	80	170
0	2	2424	776	8	32	165
0	2	2448	776	8	32	164
0	2	2880	688	160	208	170
0	2	2272	664	32	8	153
0	2	2272	688	32	8	152
0	2	2944	16	32	8	154
0	2	2952	16	16	8	156
0	2	2896	400	144	272	170
0	2	2880	192	32	8	155
0	2	2880	264	32	8	154
0	2	2560	688	32	8	152
0	2	2560	664	32	8	153
0	2	2560	888	32	8	153
0	2	2560	912	32	8	152
