1536	912	1	1	0	1136	205	8	same
0	0	376	72	784	544	320
0	0	1120	536	24	48	233
0	0	976	576	144	24	234
0	0	472	568	352	8	311
0	0	824	576	8	48	314
0	0	832	568	24	64	233
0	0	472	464	8	112	314
0	0	344	456	24	176	235
0	0	376	288	32	8	312
0	0	368	72	8	224	313
0	0	416	64	24	240	233
0	0	344	64	24	240	235
0	0	952	768	24	80	235
0	0	984	744	480	96	320
0	0	1096	728	24	32	235
0	0	976	784	8	64	313
0	0	1408	824	24	32	233
0	0	1384	744	8	32	314
0	0	1384	776	80	8	311
0	0	1392	728	24	32	233
0	0	1408	752	64	24	232
0	0	976	752	128	24	232
0	0	1288	552	176	32	320
0	0	1320	544	144	8	311
0	0	344	40	24	24	57
0	0	1168	40	24	24	58
0	0	344	624	24	24	59
0	0	368	624	464	24	234
0	0	368	40	48	24	232
0	0	1168	64	24	304	233
0	0	368	64	8	8	307
0	0	1160	64	8	8	308
0	0	824	616	8	8	309
0	0	368	616	8	8	310
0	0	376	64	32	8	311
0	0	376	616	448	8	312
0	0	1160	72	8	288	314
0	0	720	376	96	24	232
0	0	720	272	96	24	234
0	0	704	288	24	96	233
0	0	808	288	24	96	235
0	0	704	272	24	24	65
0	0	704	376	24	24	67
0	0	808	376	24	24	68
0	0	808	272	24	24	66
0	0	704	264	128	8	312
0	0	704	400	128	8	311
0	0	696	272	8	128	314
0	0	832	272	8	128	313
0	0	832	400	8	8	315
0	0	696	400	8	8	316
0	0	832	264	8	8	318
0	0	696	264	8	8	317
0	0	752	384	8	24	288
0	0	760	384	16	24	290
0	0	776	384	8	24	289
0	0	1256	296	24	24	57
0	0	1472	296	24	24	58
0	0	1472	368	24	24	60
0	0	1256	368	24	24	59
0	0	1280	368	192	24	234
0	0	1280	296	192	24	232
0	0	1472	320	24	48	233
0	0	1256	320	24	48	235
0	0	1280	320	8	8	307
0	0	1464	320	8	8	308
0	0	1464	360	8	8	309
0	0	1280	360	8	8	310
0	0	1288	360	176	8	312
0	0	1288	320	176	8	311
0	0	1464	328	8	32	314
0	0	1280	328	8	32	313
0	0	1264	328	16	8	78
0	0	1264	336	16	16	82
0	0	1264	352	16	8	80
0	0	1168	328	16	8	79
0	0	1168	336	16	16	83
0	0	1168	352	16	8	81
0	0	1184	336	80	16	320
0	0	1192	328	64	8	70
0	0	1192	352	64	8	70
0	0	1472	328	16	8	79
0	0	1472	336	16	16	83
0	0	1472	352	16	8	81
0	0	1488	336	48	16	320
0	0	1496	328	40	8	70
0	0	1496	352	40	8	70
0	0	1288	328	176	32	424
0	0	1472	520	24	24	58
0	0	1472	592	24	24	60
0	0	1472	544	24	48	233
0	0	1280	592	192	24	234
0	0	1256	512	24	80	235
0	0	1256	592	24	24	59
0	0	1256	488	24	24	57
0	0	1344	520	128	24	232
0	0	1368	528	16	24	290
0	0	1384	528	8	24	289
0	0	1360	528	8	24	288
0	0	1280	512	8	8	307
0	0	1280	584	8	8	310
0	0	1464	584	8	8	309
0	0	1464	544	8	8	308
0	0	1288	584	176	8	312
0	0	1464	552	8	32	314
0	0	1280	520	8	64	313
0	0	1472	544	24	48	233
0	0	1472	552	16	8	79
0	0	1472	560	16	16	83
0	0	1472	576	16	8	81
0	0	1488	560	48	16	320
0	0	1496	552	40	8	70
0	0	1496	576	40	8	70
0	0	1280	488	48	24	232
0	0	1328	488	24	24	58
0	0	1328	512	24	16	233
0	0	1328	520	24	24	67
0	0	1288	520	32	32	320
0	0	1288	512	32	8	311
0	0	1320	512	8	8	308
0	0	1320	520	8	32	314
0	0	1320	544	8	8	316
0	0	952	752	24	24	57
0	0	952	848	24	24	59
0	0	1392	712	24	24	58
0	0	1472	776	24	32	233
0	0	976	848	432	24	234
0	0	1408	848	24	24	60
0	0	976	776	8	8	307
0	0	976	840	8	8	310
0	0	1384	736	8	8	308
0	0	1128	736	256	8	311
0	0	984	840	416	8	312
0	0	1440	760	8	24	289
0	0	1416	760	8	24	288
0	0	1424	760	16	24	290
0	0	1472	752	24	24	58
0	0	1464	784	8	16	314
0	0	1464	776	8	8	308
0	0	1392	752	24	24	67
0	0	1384	776	8	8	316
0	0	1424	808	48	24	234
0	0	1472	808	24	24	60
0	0	1464	800	8	8	309
0	0	1400	800	64	8	312
0	0	1400	808	8	32	314
0	0	1408	808	24	24	65
0	0	1400	800	8	8	317
0	0	1400	840	8	8	309
0	0	1440	800	16	24	302
0	0	1456	800	8	24	301
0	0	1432	800	8	24	300
0	0	1120	712	272	24	232
0	0	1096	752	24	24	68
0	0	1120	736	8	8	307
0	0	1120	744	8	32	313
0	0	984	776	144	8	311
0	0	1120	776	8	8	315
0	0	1096	712	24	24	57
0	0	416	40	24	24	58
0	0	552	40	24	24	57
0	0	576	40	144	24	232
0	0	720	40	24	24	58
0	0	1096	40	24	24	57
0	0	1120	40	48	24	232
0	0	1024	40	24	24	58
0	0	792	40	24	24	57
0	0	816	40	208	24	232
0	0	344	296	24	24	59
0	0	368	296	48	24	234
0	0	416	296	24	24	60
0	0	408	64	8	8	308
0	0	408	72	8	224	314
0	0	408	288	8	8	309
0	0	368	288	8	8	310
0	0	408	88	24	16	294
0	0	408	80	24	8	292
0	0	408	104	24	8	293
0	0	400	288	8	24	301
0	0	376	288	8	24	300
0	0	384	288	16	24	302
0	0	344	432	24	24	57
0	0	552	56	24	320	235
0	0	368	432	112	24	232
0	0	480	432	24	24	58
0	0	480	456	24	96	233
0	0	496	544	336	24	232
0	0	472	488	24	16	294
0	0	472	480	24	8	292
0	0	472	504	24	8	293
0	0	744	552	8	24	288
0	0	768	552	8	24	289
0	0	752	552	16	24	290
0	0	480	544	24	24	67
0	0	368	456	8	160	313
0	0	472	456	8	8	308
0	0	368	456	8	8	307
0	0	376	456	96	8	311
0	0	832	544	24	24	58
0	0	832	624	24	24	60
0	0	824	568	8	8	308
0	0	472	568	8	8	316
0	0	920	528	24	96	235
0	0	920	624	24	24	59
0	0	664	456	24	24	59
0	0	688	456	48	24	234
0	0	960	624	24	24	60
0	0	944	624	16	24	234
0	0	960	592	24	32	233
0	0	960	576	24	24	65
0	0	752	472	80	24	234
0	0	832	472	24	24	60
0	0	728	472	24	24	59
0	0	728	456	24	24	66
0	0	832	456	24	16	233
0	0	848	440	64	24	234
0	0	832	440	24	24	65
0	0	920	512	24	24	57
0	0	944	512	176	24	232
0	0	1168	368	24	24	60
0	0	1120	368	48	24	234
0	0	1168	512	24	24	58
0	0	968	520	8	24	288
0	0	992	520	8	24	289
0	0	976	520	16	24	290
0	0	1120	512	24	24	58
0	0	1120	576	24	24	60
0	0	1112	544	24	16	294
0	0	1112	536	24	8	292
0	0	1112	560	24	8	293
2	0	1536	0	16	912	teletransporter	0	2	67	_side
2	0	0	-16	1536	16	teletransporter_2	0	2	64	_side
19	0	1368	528	stairs	1	4
19	0	760	384	stairs_2	1	4
5	0	1296	512	chest_2	0	_none	1	-1
19	0	1424	760	stairs_3	1	4
19	0	1440	808	stairs_4	3	4
0	1	856	560	24	96	50
0	1	896	560	24	96	51
0	1	920	648	272	24	52
0	1	320	432	24	224	51
0	1	528	32	24	160	51
0	1	552	16	400	24	49
0	1	488	40	24	112	50
0	1	952	720	96	32	319
0	1	952	720	8	32	237
0	1	1320	832	176	32	319
0	1	1352	704	144	48	319
0	1	1048	720	48	48	319
0	1	1352	488	48	32	319
0	1	1392	488	8	32	238
0	1	1256	544	48	80	319
0	1	1256	616	144	32	319
0	1	1392	616	8	32	238
0	1	1256	464	144	24	49
0	1	1352	424	48	24	52
0	1	1352	240	48	24	49
0	1	1264	304	224	80	446
0	1	16	16	24	24	45
0	1	280	16	24	24	46
0	1	16	200	24	24	47
0	1	280	200	24	24	48
0	1	40	200	240	24	52
0	1	280	40	24	160	50
0	1	16	40	24	160	51
0	1	40	16	240	24	49
0	1	40	40	8	8	14
0	1	272	40	8	8	15
0	1	272	192	8	8	17
0	1	40	192	8	8	16
0	1	48	40	224	8	179
0	1	48	192	224	8	236
0	1	272	48	8	144	238
0	1	40	48	8	144	237
0	1	48	48	224	144	319
0	1	320	16	24	24	45
0	1	320	40	24	336	51
0	1	344	16	144	24	49
0	1	16	240	24	24	45
0	1	280	240	24	24	46
0	1	16	424	24	24	47
0	1	280	424	24	24	48
0	1	40	424	240	24	52
0	1	280	264	24	160	50
0	1	16	264	24	160	51
0	1	40	240	240	24	49
0	1	40	264	8	8	14
0	1	272	264	8	8	15
0	1	272	416	8	8	17
0	1	40	416	8	8	16
0	1	48	264	224	8	179
0	1	48	416	224	8	236
0	1	272	272	8	144	238
0	1	40	272	8	144	237
0	1	48	272	224	144	319
0	1	320	648	24	24	47
0	1	1192	16	24	24	46
0	1	1192	40	24	352	50
0	1	952	16	240	24	49
0	1	1192	648	24	24	48
0	1	1232	16	24	24	45
0	1	1496	16	24	24	46
0	1	1232	200	24	24	47
0	1	1496	200	24	24	48
0	1	1256	200	240	24	52
0	1	1496	40	24	160	50
0	1	1232	40	24	160	51
0	1	1256	16	240	24	49
0	1	1256	40	8	8	14
0	1	1488	40	8	8	15
0	1	1488	192	8	8	17
0	1	1256	192	8	8	16
0	1	1264	40	224	8	179
0	1	1264	192	224	8	236
0	1	1488	48	8	144	238
0	1	1256	48	8	144	237
0	1	1264	48	224	144	319
0	1	1232	272	24	24	45
0	1	1496	272	24	24	46
0	1	1232	392	24	24	47
0	1	1496	392	24	24	48
0	1	1256	392	80	24	52
0	1	1496	296	24	96	50
0	1	1232	296	24	96	51
0	1	1256	272	80	24	49
0	1	1232	464	24	24	45
0	1	1400	464	24	24	46
0	1	1232	648	24	24	47
0	1	1496	616	24	24	48
0	1	1256	648	160	24	52
0	1	1496	520	24	96	50
0	1	1232	488	24	160	51
0	1	1392	640	8	8	17
0	1	1256	640	8	8	16
0	1	1264	640	128	8	236
0	1	1256	544	8	96	237
0	1	624	688	24	24	45
0	1	888	688	24	24	46
0	1	624	872	24	24	47
0	1	888	872	24	24	48
0	1	648	872	240	24	52
0	1	888	712	24	160	50
0	1	624	712	24	160	51
0	1	648	688	240	24	49
0	1	648	712	8	8	14
0	1	880	712	8	8	15
0	1	880	864	8	8	17
0	1	648	864	8	8	16
0	1	656	712	224	8	179
0	1	656	864	224	8	236
0	1	880	720	8	144	238
0	1	648	720	8	144	237
0	1	656	720	224	144	319
0	1	928	688	24	24	45
0	1	928	872	24	24	47
0	1	952	872	544	24	52
0	1	928	712	24	160	51
0	1	952	688	544	24	49
0	1	1496	688	24	24	46
0	1	1496	872	24	24	48
0	1	1496	712	24	160	50
0	1	344	648	512	24	52
0	1	728	296	80	80	319
0	1	752	376	32	8	287
0	1	1184	288	8	96	444
0	1	1256	312	8	64	443
0	1	1488	312	8	64	444
0	1	1360	272	32	144	319
0	1	1360	264	32	8	179
0	1	1360	416	32	8	236
0	1	1352	368	8	8	69
0	1	1352	392	8	8	69
0	1	1392	392	8	8	69
0	1	1392	368	8	8	69
0	1	1392	288	8	8	69
0	1	1392	312	8	8	69
0	1	1352	312	8	8	69
0	1	1352	288	8	8	69
0	1	1352	376	8	16	71
0	1	1392	376	8	16	71
0	1	1352	296	8	16	71
0	1	1392	296	8	16	71
0	1	1368	200	16	16	77
0	1	1368	424	16	16	77
0	1	1368	472	16	16	76
0	1	1368	248	16	16	76
0	1	1360	200	8	16	74
0	1	1360	424	8	16	74
0	1	1384	200	8	16	75
0	1	1384	424	8	16	75
0	1	1384	472	8	16	73
0	1	1384	248	8	16	73
0	1	1360	248	8	16	72
0	1	1360	472	8	16	72
0	1	1400	240	24	24	46
0	1	1328	240	24	24	45
0	1	1328	264	24	16	51
0	1	1328	272	24	24	56
0	1	1416	272	80	24	49
0	1	1400	264	24	16	50
0	1	1400	272	24	24	55
0	1	1352	264	8	8	14
0	1	1392	264	8	8	15
0	1	1392	272	8	16	238
0	1	1352	272	8	16	237
0	1	1328	408	24	16	51
0	1	1400	408	24	16	50
0	1	1416	392	80	24	52
0	1	1328	392	24	24	54
0	1	1400	392	24	24	53
0	1	1328	424	24	24	47
0	1	1400	424	24	24	48
0	1	1392	416	8	8	17
0	1	1352	416	8	8	16
0	1	1352	400	8	16	237
0	1	1392	400	8	16	238
0	1	1360	520	32	8	287
0	1	1352	488	48	8	179
0	1	1400	488	8	8	15
0	1	1496	496	24	24	46
0	1	1416	496	80	24	49
0	1	1400	488	24	16	50
0	1	1400	496	24	24	55
0	1	1392	488	8	8	15
0	1	1488	536	8	64	444
0	1	1352	688	48	24	49
0	1	1352	648	48	24	52
0	1	1368	648	16	16	77
0	1	1368	696	16	16	76
0	1	1360	648	8	16	74
0	1	1384	648	8	16	75
0	1	1384	696	8	16	73
0	1	1360	696	8	16	72
0	1	1296	616	8	8	69
0	1	1344	616	8	8	69
0	1	1296	544	8	8	69
0	1	1296	552	8	64	71
0	1	1304	616	40	8	70
0	1	1240	560	16	16	82
0	1	1192	560	16	16	83
0	1	1192	576	16	8	81
0	1	1192	552	16	8	79
0	1	1240	576	16	8	80
0	1	1240	552	16	8	78
0	1	1400	648	24	24	48
0	1	1416	616	80	24	52
0	1	1400	632	24	16	50
0	1	1400	616	24	24	53
0	1	1256	544	8	8	69
0	1	1264	544	32	8	70
0	1	1352	512	8	8	69
0	1	1352	488	8	8	69
0	1	1352	496	8	16	71
0	1	1392	512	8	8	69
0	1	1392	488	8	8	69
0	1	1392	496	8	16	71
0	1	1008	648	16	16	77
0	1	1008	696	16	16	76
0	1	1000	648	8	16	74
0	1	1024	648	8	16	75
0	1	1024	696	8	16	73
0	1	1000	696	8	16	72
0	1	1048	768	320	48	319
0	1	1048	744	8	8	69
0	1	1048	808	8	8	69
0	1	1352	712	8	8	69
0	1	1352	744	8	8	69
0	1	1088	768	8	8	69
0	1	1088	712	8	8	69
0	1	1048	752	8	56	71
0	1	1088	720	8	48	71
0	1	1352	720	8	24	71
0	1	1360	712	128	8	179
0	1	1488	712	8	8	15
0	1	1448	744	8	8	69
0	1	1456	744	32	8	70
0	1	1320	816	48	16	319
0	1	1464	832	8	8	69
0	1	1360	832	8	8	69
0	1	1360	768	8	8	69
0	1	1320	808	8	8	69
0	1	1320	864	8	8	69
0	1	1096	768	264	8	70
0	1	1368	832	56	8	70
0	1	1056	808	264	8	70
0	1	1360	776	8	56	71
0	1	1320	816	8	48	71
0	1	1488	720	8	32	238
0	1	1328	864	160	8	236
0	1	1488	864	8	8	17
0	1	960	712	128	8	179
0	1	1488	744	8	8	69
0	1	1488	832	8	32	238
0	1	1488	832	8	8	69
0	1	1360	744	48	8	70
0	1	1408	744	8	8	69
0	1	1416	752	32	8	287
0	1	1424	832	8	8	69
0	1	1432	824	32	8	299
0	1	1472	832	16	8	70
0	1	952	712	8	8	14
0	1	952	744	8	8	69
0	1	976	744	8	8	69
0	1	960	744	16	8	70
0	1	328	112	16	16	82
0	1	280	112	16	16	83
0	1	280	128	16	8	81
0	1	280	104	16	8	79
0	1	328	128	16	8	80
0	1	328	104	16	8	78
0	1	328	336	16	16	82
0	1	280	336	16	16	83
0	1	280	352	16	8	81
0	1	280	328	16	8	79
0	1	328	352	16	8	80
0	1	328	328	16	8	78
0	1	344	96	48	160	319
0	1	392	208	112	48	319
0	1	504	208	48	336	319
0	1	1144	512	48	128	319
0	1	856	464	176	48	319
0	1	760	648	16	16	77
0	1	760	696	16	16	76
0	1	752	648	8	16	74
0	1	776	648	8	16	75
0	1	776	696	8	16	73
0	1	752	696	8	16	72
0	1	760	24	16	16	76
0	1	776	24	8	16	73
0	1	752	24	8	16	72
0	1	1064	24	16	16	76
0	1	1080	24	8	16	73
0	1	1056	24	8	16	72
0	1	456	24	16	16	76
0	1	472	24	8	16	73
0	1	448	24	8	16	72
0	1	1240	112	16	16	82
0	1	1192	112	16	16	83
0	1	1192	128	16	8	81
0	1	1192	104	16	8	79
0	1	1240	128	16	8	80
0	1	1240	104	16	8	78
0	1	440	40	48	112	319
0	1	744	40	48	48	319
0	1	1048	48	48	128	319
0	1	968	128	48	272	319
0	1	1000	128	48	48	319
0	1	984	600	64	48	319
0	1	1144	96	48	160	319
0	1	1064	208	80	48	319
0	1	664	136	208	48	319
0	1	344	320	96	48	319
0	1	616	136	48	512	319
0	1	664	600	128	48	319
0	1	432	80	8	32	291
0	1	376	312	32	8	299
0	1	440	272	24	96	50
0	1	456	256	32	24	52
0	1	440	256	24	24	53
0	1	456	144	32	24	52
0	1	488	144	24	24	48
0	1	456	184	80	24	49
0	1	488	16	24	24	46
0	1	440	160	24	32	50
0	1	440	184	24	24	55
0	1	440	144	24	24	53
0	1	528	16	24	24	45
0	1	528	184	24	24	56
0	1	440	368	24	24	48
0	1	344	368	96	24	52
0	1	320	368	24	24	47
0	1	320	408	24	24	45
0	1	480	272	24	144	51
0	1	480	256	24	24	54
0	1	344	408	144	24	49
0	1	480	408	24	24	56
0	1	496	480	8	32	291
0	1	552	432	24	96	50
0	1	592	432	24	96	51
0	1	664	496	24	32	50
0	1	704	496	24	32	51
0	1	568	520	32	24	49
0	1	680	520	32	24	49
0	1	664	520	24	24	55
0	1	704	520	24	24	56
0	1	592	520	24	24	56
0	1	552	520	24	24	55
0	1	744	544	32	8	287
0	1	856	648	24	24	48
0	1	896	648	24	24	47
0	1	872	544	32	24	52
0	1	896	544	24	24	54
0	1	856	544	24	24	53
0	1	680	480	32	24	52
0	1	704	480	24	24	54
0	1	664	480	24	24	53
0	1	728	496	192	48	319
0	1	1016	352	64	48	319
0	1	1192	392	24	24	48
0	1	1112	392	80	24	52
0	1	968	512	32	8	287
0	1	1080	416	24	32	50
0	1	1080	440	24	24	55
0	1	1080	400	24	24	53
0	1	1136	536	8	32	291
2	1	0	-16	1536	16	teletransporter_4	0	2	64	_side
2	1	1536	0	16	912	teletransporter_3	0	2	67	_side
5	1	752	312	chest	1	bow	1	206
12	1	1360	520	8	32	custom_obstacle	1	1	1	1
12	1	1384	520	8	32	custom_obstacle_2	1	1	1	1
12	1	752	376	8	32	custom_obstacle_3	1	1	1	1
12	1	776	376	8	32	custom_obstacle_4	1	1	1	1
6	1	1392	320	8	48	jump_sensor_2	0	16
6	1	1352	320	8	48	jump_sensor_3	4	16
6	1	1352	608	48	8	jump_sensor_4	2	40
18	1	1056	776	door	1	8	207
18	1	1072	776	door_2	1	8	209
18	1	1056	792	door_3	1	8	208
18	1	1088	792	door_4	1	8	210
18	1	1104	792	door_5	1	8	212
18	1	1104	776	door_6	1	8	211
18	1	1120	776	door_7	1	8	213
18	1	1152	792	door_8	1	8	215
18	1	1168	792	door_9	1	8	216
18	1	1200	776	door_10	1	8	218
18	1	1184	776	door_11	1	8	217
18	1	1200	792	door_12	1	8	219
18	1	1216	792	door_13	1	8	220
18	1	1232	792	door_14	1	8	232
18	1	1232	776	door_15	1	8	221
18	1	1248	776	door_16	1	8	222
18	1	1264	792	door_17	1	8	223
18	1	1136	776	door_18	1	8	214
18	1	1280	776	door_19	1	8	224
18	1	1312	792	door_20	1	8	226
18	1	1312	776	door_21	1	8	225
18	1	1344	824	door_22	1	8	228
18	1	1344	776	door_23	1	8	227
18	1	1344	792	door_24	1	8	231
18	1	1328	824	door_25	1	8	230
7	1	1096	789	enemy_2	3	creeper	0	-1	_random	1	-1
7	1	1136	805	enemy_4	3	creeper	0	-1	_random	1	-1
7	1	1168	789	enemy_6	3	creeper	0	-1	_random	1	-1
7	1	1192	805	enemy_8	3	creeper	0	-1	_random	1	-1
7	1	1224	789	enemy_10	3	creeper	0	-1	_random	1	-1
7	1	1256	805	enemy_12	3	creeper	0	-1	_random	1	-1
7	1	1272	789	enemy_14	3	creeper	0	-1	_random	1	-1
7	1	1352	821	enemy_18	3	creeper	0	-1	_random	1	-1
1	1	1376	709	destination_point	3	0
7	1	1304	805	enemy_16	3	creeper	0	-1	_random	1	-1
7	1	1080	805	enemy	3	creeper	0	-1	_random	1	-1
18	1	1328	808	door_26	1	8	229
12	1	1416	752	8	32	custom_obstacle_5	1	1	1	1
12	1	1440	752	8	32	custom_obstacle_6	1	1	1	1
12	1	1432	800	8	32	custom_obstacle_7	1	1	1	1
12	1	1456	800	8	32	custom_obstacle_8	1	1	1	1
6	1	984	752	64	8	jump_sensor	6	40
0	2	1336	240	64	8	437
0	2	0	0	1536	16	170
0	2	624	672	912	16	170
0	2	320	672	304	240	170
0	2	0	448	320	464	170
0	2	624	896	904	16	170
0	2	1520	16	16	896	170
0	2	1216	16	16	656	170
0	2	304	16	16	432	170
0	2	0	16	16	432	170
0	2	1184	328	8	32	353
0	2	1256	328	8	32	352
0	2	1488	328	8	32	353
0	2	1232	224	288	16	170
0	2	1328	448	96	16	170
0	2	1336	464	64	8	437
0	2	1320	216	96	8	438
0	2	1336	440	64	8	438
0	2	1360	464	32	8	154
0	2	1360	240	32	8	154
0	2	1360	216	32	8	155
0	2	1360	440	32	8	155
0	2	1232	240	96	32	170
0	2	1424	240	96	32	170
0	2	1424	416	96	80	170
0	2	1488	552	8	32	353
0	2	1320	688	96	8	437
0	2	1320	664	96	8	438
0	2	1360	688	32	8	154
0	2	1360	664	32	8	155
0	2	1208	520	8	96	442
0	2	1232	520	8	96	441
0	2	1208	552	8	32	353
0	2	1232	552	8	32	352
0	2	1424	640	96	32	170
0	2	1232	416	96	48	170
0	2	912	688	16	208	170
0	2	968	688	96	8	437
0	2	968	664	96	8	438
0	2	1000	688	32	8	154
0	2	1000	664	32	8	155
0	2	296	72	8	96	442
0	2	320	72	8	96	441
0	2	296	104	8	32	353
0	2	320	104	8	32	352
0	2	296	296	8	96	442
0	2	320	296	8	96	441
0	2	296	328	8	32	353
0	2	320	328	8	32	352
0	2	16	224	288	16	170
0	2	728	688	96	8	437
0	2	728	664	96	8	438
0	2	752	688	32	8	154
0	2	752	664	32	8	155
0	2	728	16	96	8	437
0	2	752	16	32	8	154
0	2	1032	16	96	8	437
0	2	1056	16	32	8	154
0	2	408	16	96	8	437
0	2	448	16	32	8	154
0	2	1208	72	8	96	442
0	2	1232	72	8	96	441
0	2	1208	104	8	32	353
0	2	1232	104	8	32	352
0	2	320	392	160	16	170
0	2	464	280	16	112	170
0	2	464	168	64	16	170
0	2	512	16	16	152	170
0	2	880	568	16	104	170
