3056	912	-1	-1	0	0	-1	0	same
0	0	16	200	24	24	47
0	1	1016	720	8	64	20
0	1	840	752	160	24	49
0	1	840	808	160	24	52
0	1	992	824	24	48	51
0	1	992	712	24	48	51
0	1	824	824	24	48	50
0	1	824	712	24	48	50
0	1	656	712	160	8	18
0	1	648	720	8	144	20
0	1	656	720	160	144	2
0	1	648	712	64	48	228
0	1	648	720	8	32	234
0	1	688	736	64	56	228
0	1	120	272	8	128	20
0	1	152	416	128	8	21
0	1	120	416	24	16	51
0	1	112	400	16	24	52
0	1	128	272	144	144	2
0	1	144	424	144	24	52
0	1	96	264	24	144	51
0	1	208	48	8	64	19
0	1	208	128	64	64	2
0	1	232	80	48	24	49
0	1	216	40	24	48	50
0	1	48	48	160	144	2
0	1	16	16	24	24	45
0	1	16	40	24	160	51
0	1	216	16	24	24	46
0	1	40	16	176	24	49
0	1	40	200	240	24	52
0	1	280	200	24	24	48
0	1	280	104	24	96	50
0	1	64	24	16	16	177
0	1	56	24	8	16	72
0	1	80	24	8	16	73
0	1	112	16	16	32	42
0	1	128	16	16	32	44
0	1	144	16	16	32	43
0	1	152	200	16	16	77
0	1	160	16	16	32	42
0	1	176	16	16	32	44
0	1	192	16	16	32	43
0	1	48	104	16	32	42
0	1	64	104	16	32	44
0	1	80	104	16	32	43
0	1	96	104	16	32	42
0	1	112	104	16	32	44
0	1	128	104	16	32	43
0	1	256	104	16	32	43
0	1	240	104	16	32	44
0	1	224	104	16	32	42
0	1	208	104	16	32	43
0	1	192	104	16	32	44
0	1	176	104	16	32	42
0	1	96	240	24	24	45
0	1	120	240	160	24	49
0	1	280	240	24	24	46
0	1	96	400	24	24	47
0	1	280	424	24	24	48
0	1	280	264	24	160	50
0	1	152	248	16	16	76
0	1	152	216	16	32	2
0	1	144	200	8	16	74
0	1	168	200	8	16	75
0	1	168	248	8	16	73
0	1	144	248	8	16	72
0	1	352	272	224	144	2
0	1	320	240	24	24	45
0	1	320	264	24	160	51
0	1	320	424	24	24	47
0	1	584	240	24	24	46
0	1	584	424	24	24	48
0	1	344	424	240	24	52
0	1	584	264	24	160	50
0	1	344	240	240	24	49
0	1	352	496	224	144	2
0	1	320	464	24	24	45
0	1	320	488	24	160	51
0	1	320	648	24	24	47
0	1	584	464	24	24	46
0	1	584	648	24	24	48
0	1	344	648	240	24	52
0	1	584	488	24	160	50
0	1	344	464	240	24	49
0	1	656	496	224	144	2
0	1	624	464	24	24	45
0	1	624	488	24	160	51
0	1	624	648	24	24	47
0	1	888	464	24	24	46
0	1	888	648	24	24	48
0	1	648	648	240	24	52
0	1	888	488	24	160	50
0	1	648	464	240	24	49
0	1	624	688	24	24	45
0	1	624	712	24	160	51
0	1	624	872	24	24	47
0	1	824	688	24	24	46
0	1	824	872	24	24	48
0	1	648	872	176	24	52
0	1	648	688	176	24	49
0	1	1024	720	160	144	2
0	1	992	688	24	24	45
0	1	992	872	24	24	47
0	1	1192	688	24	24	46
0	1	1192	872	24	24	48
0	1	1016	872	176	24	52
0	1	1192	712	24	160	50
0	1	1016	688	176	24	49
0	1	960	496	224	144	2
0	1	928	464	24	24	45
0	1	928	488	24	160	51
0	1	928	648	24	24	47
0	1	1192	464	24	24	46
0	1	1192	648	24	24	48
0	1	952	648	240	24	52
0	1	1192	488	24	160	50
0	1	952	464	240	24	49
0	1	1264	496	224	144	2
0	1	1232	464	24	24	45
0	1	1232	488	24	160	51
0	1	1232	648	24	24	47
0	1	1496	464	24	24	46
0	1	1496	648	24	24	48
0	1	1256	648	240	24	52
0	1	1496	488	24	160	50
0	1	1256	464	240	24	49
0	1	1264	720	224	144	2
0	1	1232	688	24	24	45
0	1	1232	712	24	160	51
0	1	1232	872	24	24	47
0	1	1496	688	24	24	46
0	1	1496	872	24	24	48
0	1	1256	872	240	24	52
0	1	1496	712	24	160	50
0	1	1256	688	240	24	49
0	1	1568	720	224	144	2
0	1	1536	688	24	24	45
0	1	1536	712	24	160	51
0	1	1536	872	24	24	47
0	1	1800	688	24	24	46
0	1	1800	872	24	24	48
0	1	1560	872	240	24	52
0	1	1800	712	24	160	50
0	1	1560	688	240	24	49
0	1	1568	496	224	144	2
0	1	1536	464	24	24	45
0	1	1536	488	24	160	51
0	1	1536	648	24	24	47
0	1	1800	464	24	24	46
0	1	1800	648	24	24	48
0	1	1560	648	240	24	52
0	1	1800	488	24	160	50
0	1	1560	464	240	24	49
0	1	1872	496	224	144	2
0	1	1840	464	24	24	45
0	1	1840	488	24	160	51
0	1	1840	648	24	24	47
0	1	2104	464	24	24	46
0	1	2104	648	24	24	48
0	1	1864	648	240	24	52
0	1	2104	488	24	160	50
0	1	1864	464	240	24	49
0	1	1872	720	224	144	2
0	1	1840	688	24	24	45
0	1	1840	712	24	160	51
0	1	1840	872	24	24	47
0	1	2104	688	24	24	46
0	1	2104	872	24	24	48
0	1	1864	872	240	24	52
0	1	2104	712	24	160	50
0	1	1864	688	240	24	49
0	1	2176	496	224	144	2
0	1	2144	464	24	24	45
0	1	2144	488	24	160	51
0	1	2144	648	24	24	47
0	1	2408	464	24	24	46
0	1	2408	648	24	24	48
0	1	2168	648	240	24	52
0	1	2408	488	24	160	50
0	1	2168	464	240	24	49
0	1	2176	720	224	144	2
0	1	2144	688	24	24	45
0	1	2144	712	24	160	51
0	1	2144	872	24	24	47
0	1	2408	688	24	24	46
0	1	2408	872	24	24	48
0	1	2168	872	240	24	52
0	1	2408	712	24	160	50
0	1	2168	688	240	24	49
0	1	2480	496	224	144	2
0	1	2448	464	24	24	45
0	1	2448	488	24	160	51
0	1	2448	648	24	24	47
0	1	2712	464	24	24	46
0	1	2712	648	24	24	48
0	1	2472	648	240	24	52
0	1	2712	488	24	160	50
0	1	2472	464	240	24	49
0	1	2480	272	224	144	2
0	1	2448	240	24	24	45
0	1	2448	264	24	160	51
0	1	2448	424	24	24	47
0	1	2712	240	24	24	46
0	1	2712	424	24	24	48
0	1	2472	424	240	24	52
0	1	2712	264	24	160	50
0	1	2472	240	240	24	49
0	1	2784	272	224	144	2
0	1	2752	240	24	24	45
0	1	2752	264	24	160	51
0	1	2752	424	24	24	47
0	1	3016	240	24	24	46
0	1	3016	424	24	24	48
0	1	2776	424	240	24	52
0	1	3016	264	24	160	50
0	1	2776	240	240	24	49
0	1	2784	48	224	144	2
0	1	2752	16	24	24	45
0	1	2752	40	24	160	51
0	1	2752	200	24	24	47
0	1	3016	16	24	24	46
0	1	3016	200	24	24	48
0	1	2776	200	240	24	52
0	1	3016	40	24	160	50
0	1	2776	16	240	24	49
0	1	760	472	16	16	176
0	1	752	472	8	16	72
0	1	776	472	8	16	73
0	1	632	504	16	16	82
0	1	632	560	16	16	82
0	1	632	616	16	16	82
0	1	584	616	16	16	83
0	1	584	560	16	16	83
0	1	584	504	16	16	83
0	1	632	496	16	8	78
0	1	632	520	16	8	80
0	1	632	552	16	8	78
0	1	632	576	16	8	80
0	1	600	504	32	16	2
0	1	600	560	32	16	2
0	1	600	616	32	16	2
0	1	608	496	16	8	70
0	1	608	520	16	8	70
0	1	608	552	16	8	70
0	1	608	576	16	8	70
0	1	608	608	16	8	70
0	1	608	632	16	8	70
0	1	584	496	16	8	79
0	1	584	552	16	8	79
0	1	584	608	16	8	79
0	1	632	608	16	8	78
0	1	632	632	16	8	80
0	1	584	520	16	8	81
0	1	584	576	16	8	81
0	1	584	632	16	8	81
0	1	568	536	8	8	69
0	1	568	592	8	8	69
0	1	456	472	16	16	76
0	1	528	472	16	16	76
0	1	384	472	16	16	76
0	1	496	496	8	8	69
0	1	424	496	8	8	69
0	1	496	536	8	8	69
0	1	424	592	8	8	69
0	1	424	504	8	88	71
0	1	432	592	136	8	70
0	1	504	536	64	8	70
0	1	496	504	8	32	71
0	1	376	472	8	16	72
0	1	400	472	8	16	73
0	1	448	472	8	16	72
0	1	472	472	8	16	73
0	1	520	472	8	16	72
0	1	544	472	8	16	73
0	1	424	408	8	8	69
0	1	496	408	8	8	69
0	1	424	368	8	8	69
0	1	496	368	8	8	69
0	1	360	368	64	8	70
0	1	432	368	64	8	70
0	1	424	376	8	32	71
0	1	496	376	8	32	71
0	1	328	336	16	16	82
0	1	328	328	16	8	78
0	1	328	352	16	8	80
0	1	352	368	8	8	69
0	1	352	312	8	8	69
0	1	360	312	136	8	70
0	1	496	312	8	8	69
0	1	496	272	8	8	69
0	1	496	280	8	32	71
0	1	760	648	16	16	77
0	1	888	560	16	16	83
0	1	888	552	16	8	79
0	1	888	576	16	8	81
0	1	752	648	8	16	74
0	1	776	648	8	16	75
0	1	904	560	32	16	2
0	1	760	664	16	32	2
0	1	760	696	16	16	76
0	1	752	696	8	16	72
0	1	776	696	8	16	73
0	1	936	560	16	16	82
0	1	936	552	16	8	78
0	1	936	576	16	8	80
0	1	912	552	16	8	70
0	1	912	576	16	8	70
0	1	752	672	8	16	71
0	1	776	672	8	16	71
0	1	384	424	16	16	77
0	1	456	424	16	16	77
0	1	528	424	16	16	77
0	1	384	440	16	32	2
0	1	456	440	16	32	2
0	1	528	440	16	32	2
0	1	376	424	8	16	74
0	1	448	424	8	16	74
0	1	520	424	8	16	74
0	1	400	424	8	16	75
0	1	472	424	8	16	75
0	1	544	424	8	16	75
0	1	280	80	24	24	46
0	1	216	80	24	24	55
0	1	40	40	8	8	14
0	1	40	192	8	8	16
0	1	272	192	8	8	17
0	1	272	104	8	8	15
0	1	208	40	8	8	15
0	1	48	40	64	8	18
0	1	40	48	8	144	20
0	1	48	192	224	8	21
0	1	272	112	8	80	19
0	1	80	72	16	16	12
0	1	96	72	16	16	12
0	1	80	152	16	16	12
0	1	96	152	16	16	12
0	1	208	152	16	16	12
0	1	224	152	16	16	12
0	1	256	176	16	16	203
0	1	120	424	24	24	47
0	1	120	400	24	24	54
0	1	120	392	8	8	16
0	1	144	416	8	8	16
0	1	144	392	8	8	23
0	1	120	264	8	8	14
0	1	272	264	8	8	15
0	1	272	416	8	8	17
0	1	144	400	8	16	20
0	1	128	392	16	8	21
0	1	128	264	144	8	18
0	1	272	272	8	144	19
0	1	144	272	32	88	172
0	1	176	328	96	32	172
0	1	256	272	16	16	13
0	1	240	272	16	16	12
0	1	256	288	16	16	13
0	1	128	376	16	16	203
0	1	344	264	8	8	14
0	1	344	416	8	8	16
0	1	576	416	8	8	17
0	1	576	264	8	8	15
0	1	352	264	224	8	18
0	1	344	272	8	144	20
0	1	352	416	224	8	21
0	1	576	272	8	144	19
0	1	344	488	8	8	14
0	1	344	496	8	144	20
0	1	576	496	8	144	19
0	1	352	488	224	8	18
0	1	576	488	8	8	15
0	1	576	640	8	8	17
0	1	352	640	224	8	21
0	1	344	640	8	8	16
0	1	648	488	8	8	14
0	1	648	640	8	8	16
0	1	880	640	8	8	17
0	1	880	488	8	8	15
0	1	656	488	224	8	18
0	1	648	496	8	144	20
0	1	656	640	224	8	21
0	1	880	496	8	144	19
0	1	648	712	8	8	14
0	1	648	864	8	8	16
0	1	816	864	8	8	17
0	1	816	712	8	8	15
0	1	816	720	8	64	19
0	1	656	864	160	8	21
0	1	648	712	8	8	229
0	1	656	712	48	8	233
0	1	704	712	8	8	231
0	1	648	752	8	8	230
0	1	656	752	32	8	236
0	1	688	752	8	8	238
0	1	688	760	8	24	234
0	1	688	784	8	8	230
0	1	696	784	48	8	236
0	1	744	784	8	8	232
0	1	744	744	8	40	235
0	1	744	736	8	8	231
0	1	704	736	8	8	239
0	1	704	720	8	16	235
0	1	712	736	32	8	233
0	1	824	752	24	24	55
0	1	824	808	24	24	53
0	1	992	808	24	24	54
0	1	992	752	24	24	56
0	1	816	800	8	64	19
0	1	816	784	208	16	2
0	1	824	776	192	8	18
0	1	824	800	192	8	21
0	1	816	776	8	8	24
0	1	816	800	8	8	22
0	1	1016	776	8	8	25
0	1	1016	800	8	8	23
0	1	1016	808	8	64	20
0	1	1016	712	8	8	14
0	1	1184	720	8	144	19
0	1	1024	864	160	8	21
0	1	1024	712	160	8	18
0	1	1184	712	8	8	15
0	1	1184	864	8	8	17
0	1	1016	864	8	8	16
0	1	904	760	32	16	108
1	1	768	485	from1Fa	3	0
19	1	64	24	stairs	1	1
1	1	72	37	destination_point	3	0
19	1	760	472	stairs_2	1	0
2	1	760	472	16	16	to1Fa	0	1	20	fromB1a
2	1	760	472	16	16	to1Fa_2	0	1	20	fromB1a
13	1	632	517	16	16	prankster_sensor_top	0
13	1	632	573	16	16	prankster_sensor_middle	0
13	1	632	629	16	16	prankster_sensor_bottom	0
18	1	328	328	door	2	0	-1
11	1	384	384	switch	1	0	0
11	1	456	384	switch_2	1	0	0
15	1	488	320	16	48	1
5	1	432	496	prankster_chest_middle	0	_none	1	-1
5	1	352	496	prankster_chest_bottom	0	_none	1	-1
8	1	216	157	dishonest_old_man	3	1	npc/static_villager3	map
8	1	744	621	caution_message_sign	3	0	entities/sign	dialog#crazy_house.caution_message
0	2	56	16	32	8	154
0	2	64	16	16	8	158
0	2	112	240	96	8	262
0	2	112	216	96	8	263
0	2	144	216	32	8	155
0	2	144	240	32	8	154
0	2	0	0	16	448	170
0	2	16	224	288	16	170
0	2	16	0	592	16	170
0	2	304	16	304	224	170
0	2	304	240	16	208	170
0	2	0	448	320	464	170
0	2	320	672	304	240	170
0	2	320	448	288	16	170
0	2	608	464	16	208	170
0	2	624	672	288	16	170
0	2	912	464	16	224	170
0	2	624	896	896	16	170
0	2	928	672	288	16	170
0	2	1216	464	16	432	170
0	2	608	0	1840	464	170
0	2	2752	0	304	16	170
0	2	3040	16	16	432	170
0	2	2736	240	16	208	170
0	2	2752	224	288	16	170
0	2	2448	448	288	16	170
0	2	2736	448	320	464	170
0	2	2432	672	304	240	170
0	2	1520	464	16	448	170
0	2	1824	464	16	448	170
0	2	2128	464	16	448	170
0	2	2432	464	16	208	170
0	2	1232	672	288	16	170
0	2	1536	672	288	16	170
0	2	1840	672	288	16	170
0	2	2144	672	288	16	170
0	2	2144	896	288	16	170
0	2	1840	896	288	16	170
0	2	1536	896	288	16	170
0	2	2448	0	304	240	170
0	2	752	464	32	8	154
0	2	760	464	16	8	156
0	2	600	496	8	32	165
0	2	624	496	8	32	164
0	2	624	552	8	32	164
0	2	624	608	8	32	164
0	2	600	552	8	32	165
0	2	600	608	8	32	165
0	2	376	464	32	8	152
0	2	448	464	32	8	152
0	2	520	464	32	8	152
0	2	320	328	8	32	162
0	2	752	664	32	8	153
0	2	752	688	32	8	152
0	2	904	552	8	32	165
0	2	928	552	8	32	164
0	2	376	440	32	8	153
0	2	448	440	32	8	153
0	2	520	440	32	8	153
0	2	376	464	32	8	152
0	2	448	464	32	8	152
0	2	520	464	32	8	152
0	2	240	16	64	64	170
0	2	256	160	16	16	204
0	2	16	240	80	208	170
0	2	96	424	24	24	170
0	2	128	360	16	16	204
0	2	120	240	16	16	38
0	2	184	240	16	16	38
0	2	120	208	16	16	41
0	2	184	208	16	16	41
0	2	848	688	144	64	170
0	2	848	832	144	64	170
