1128	1024	0	-100	0	0	-1	1	same
0	0	664	448	352	32	311
0	0	664	480	368	480	311
0	0	808	880	64	48	310
0	0	616	968	464	56	190
0	0	464	336	112	96	49
0	0	384	872	32	16	9
0	0	272	760	16	112	9
0	0	272	744	144	16	9
0	0	320	896	16	16	272
0	0	104	728	32	8	523
0	0	0	808	128	16	664
0	0	0	112	560	224	49
0	0	8	728	32	8	523
0	0	0	288	16	16	185
0	0	0	304	16	16	224
0	0	0	352	16	16	71
0	0	0	336	16	16	219
0	0	0	272	16	16	610
0	0	-8	264	16	16	610
0	0	40	336	400	8	614
0	0	0	0	128	96	444
0	0	0	96	128	16	387
0	0	0	408	432	8	194
0	0	0	416	432	16	192
0	0	0	432	432	16	177
0	0	0	400	48	8	265
0	0	0	392	48	8	259
0	0	56	824	16	16	37
0	0	32	824	16	16	37
0	0	16	824	16	16	43
0	0	0	728	112	8	558
0	0	0	736	112	40	634
0	0	0	776	112	8	645
0	0	24	808	24	16	662
0	0	8	904	8	16	44
0	0	96	904	8	16	44
0	0	0	904	8	16	45
0	0	48	808	16	16	664
0	0	0	824	16	16	42
0	0	88	824	16	16	42
0	0	72	824	16	16	43
0	0	64	904	16	16	524
0	0	104	904	8	16	45
0	0	80	904	16	16	524
0	0	72	808	24	16	662
0	0	0	712	144	16	505
0	0	0	784	120	16	632
0	0	0	800	128	8	661
0	0	0	640	144	16	192
0	0	0	656	144	16	177
0	0	0	632	144	8	194
0	0	40	344	416	8	265
0	0	16	352	16	16	186
0	0	16	368	16	16	71
0	0	16	336	16	16	185
0	0	0	320	16	16	27
0	0	8	280	16	16	610
0	0	16	320	16	16	610
0	0	16	296	8	32	586
0	0	-16	360	32	32	526
0	0	112	728	24	8	562
0	0	128	736	8	64	636
0	0	128	800	8	24	665
0	0	120	776	8	24	654
0	0	120	736	8	40	632
0	0	112	736	8	40	635
0	0	112	776	8	8	646
0	0	112	904	8	16	44
0	0	128	904	8	16	44
0	0	120	904	8	16	45
0	0	128	888	8	16	46
0	0	128	872	8	16	46
0	0	128	856	8	16	46
0	0	128	840	8	16	46
0	0	128	824	8	16	46
0	0	16	904	8	16	45
0	0	32	904	8	16	45
0	0	48	904	8	16	45
0	0	56	904	8	16	44
0	0	40	904	8	16	44
0	0	24	904	8	16	44
0	0	144	704	8	16	504
0	0	168	616	16	16	272
0	0	176	672	16	16	71
0	0	176	656	16	16	186
0	0	176	640	16	16	185
0	0	176	624	16	16	272
0	0	184	632	16	16	272
0	0	0	616	176	8	259
0	0	0	624	144	8	265
0	0	192	688	16	16	71
0	0	192	672	16	16	186
0	0	192	656	16	16	185
0	0	200	696	16	208	27
0	0	200	664	16	16	185
0	0	200	680	16	16	224
0	0	200	648	16	16	272
0	0	192	640	16	16	272
0	0	216	744	16	16	272
0	0	216	720	8	8	744
0	0	216	680	8	224	130
0	0	224	680	8	224	274
0	0	216	664	16	16	272
0	0	208	656	16	16	272
0	0	136	872	32	48	916
0	0	168	808	32	48	916
0	0	136	744	32	48	916
0	0	184	904	16	16	806
0	0	136	840	16	16	806
0	0	168	872	16	16	806
0	0	152	808	16	16	806
0	0	168	776	16	16	806
0	0	168	712	32	16	806
0	0	184	728	16	32	804
0	0	112	840	16	16	910
0	0	16	936	16	48	43
0	0	32	968	32	16	43
0	0	80	936	16	48	43
0	0	96	936	32	16	43
0	0	112	952	16	32	43
0	0	96	968	16	16	43
0	0	144	936	16	48	43
0	0	160	968	32	16	43
0	0	152	824	16	48	37
0	0	136	792	16	8	36
0	0	168	768	16	8	36
0	0	152	704	16	16	43
0	0	136	728	8	8	546
0	0	104	488	288	16	505
0	0	8	568	144	16	505
0	0	112	584	32	8	523
0	0	64	584	32	8	523
0	0	16	584	32	8	523
0	0	152	560	8	16	504
0	0	112	504	32	8	523
0	0	0	560	8	16	503
0	0	-16	528	48	16	505
0	0	112	832	16	8	719
0	0	256	560	32	32	528
0	0	280	536	32	32	528
0	0	304	544	32	32	528
0	0	360	536	32	32	528
0	0	384	560	32	32	528
0	0	384	584	32	32	528
0	0	336	544	32	32	528
0	0	256	584	32	32	528
0	0	320	568	32	32	528
0	0	288	568	16	16	43
0	0	304	576	16	16	43
0	0	288	584	16	16	43
0	0	304	592	16	16	43
0	0	288	600	16	16	43
0	0	304	608	16	16	43
0	0	320	600	16	16	43
0	0	320	616	16	16	43
0	0	328	624	16	16	43
0	0	336	616	16	16	43
0	0	336	600	16	16	43
0	0	352	576	16	16	43
0	0	368	568	16	16	43
0	0	352	592	16	16	43
0	0	368	584	16	16	43
0	0	368	600	16	16	43
0	0	352	608	16	16	43
0	0	272	608	32	32	528
0	0	296	624	32	32	528
0	0	368	608	32	32	528
0	0	344	624	32	32	528
0	0	320	640	32	32	528
0	0	152	624	16	48	812
0	0	144	624	8	48	810
0	0	168	624	8	48	811
0	0	-24	560	32	32	527
0	0	8	592	16	16	42
0	0	48	584	16	16	37
0	0	80	600	16	16	525
0	0	96	584	16	16	525
0	0	96	600	16	16	37
0	0	56	592	16	16	43
0	0	160	504	32	8	523
0	0	208	504	32	8	523
0	0	256	504	32	8	523
0	0	304	504	32	8	523
0	0	352	504	32	8	523
0	0	432	448	16	16	71
0	0	432	432	16	16	186
0	0	432	416	16	16	185
0	0	448	464	16	16	71
0	0	448	448	16	16	186
0	0	448	432	16	16	185
0	0	456	440	16	16	185
0	0	456	456	16	16	224
0	0	464	480	32	544	27
0	0	392	480	8	16	504
0	0	440	456	16	16	71
0	0	440	440	16	16	186
0	0	440	424	16	16	185
0	0	456	456	16	16	186
0	0	456	440	16	16	185
0	0	464	448	16	16	185
0	0	464	464	16	16	224
0	0	480	464	64	560	129
0	0	200	920	16	16	71
0	0	216	920	16	16	186
0	0	216	936	16	16	71
0	0	216	904	16	16	185
0	0	232	920	96	16	192
0	0	232	936	96	16	177
0	0	232	912	96	8	194
0	0	232	904	96	8	265
0	0	232	896	96	8	259
0	0	200	904	16	16	278
0	0	328	952	16	16	71
0	0	328	936	16	16	186
0	0	328	920	16	16	185
0	0	328	904	16	16	272
0	0	336	912	16	16	272
0	0	344	968	16	16	71
0	0	344	952	16	16	186
0	0	344	936	16	16	185
0	0	344	920	16	16	272
0	0	352	928	16	16	272
0	0	360	984	16	16	71
0	0	360	968	16	16	186
0	0	360	952	16	16	185
0	0	368	960	16	16	185
0	0	368	976	16	16	224
0	0	368	944	16	16	272
0	0	360	936	16	16	272
0	0	384	960	16	16	272
0	0	376	952	16	16	272
0	0	376	1000	16	32	128
0	0	376	984	16	16	224
0	0	392	984	8	48	130
0	0	400	984	8	48	274
0	0	392	968	16	16	272
0	0	376	968	16	16	185
0	0	24	376	16	16	71
0	0	32	384	16	16	71
0	0	32	384	16	16	219
0	0	40	376	400	32	444
0	0	24	328	16	16	610
0	0	24	344	16	16	185
0	0	24	360	16	16	186
0	0	40	360	400	16	192
0	0	432	400	32	32	447
0	0	448	416	32	32	447
0	0	464	432	32	32	447
0	0	496	432	32	32	447
0	0	480	400	32	32	447
0	0	432	368	32	32	447
0	0	464	384	32	32	447
0	0	512	432	32	32	447
0	0	504	408	32	32	447
0	0	472	456	16	16	224
0	0	480	448	16	16	224
0	0	496	440	16	16	224
0	0	488	440	16	16	224
0	0	504	424	16	16	224
0	0	520	408	16	16	224
0	0	528	424	16	48	129
0	0	512	432	16	48	129
0	0	496	456	16	16	129
0	0	456	1024	8	16	504
0	0	408	1032	48	16	505
0	0	416	1048	32	8	523
0	0	400	1024	8	16	503
0	0	264	736	16	16	759
0	0	280	736	128	8	763
0	0	408	736	16	16	760
0	0	264	752	8	112	765
0	0	264	864	16	16	762
0	0	368	872	16	16	762
0	0	376	880	16	16	762
0	0	384	888	16	16	762
0	0	280	872	96	8	764
0	0	416	744	16	16	760
0	0	424	760	8	112	766
0	0	400	888	16	16	761
0	0	408	880	16	16	761
0	0	416	872	16	16	761
0	0	288	856	136	16	9
0	0	408	760	16	96	9
0	0	288	840	16	16	551
0	0	392	840	16	16	552
0	0	288	760	16	16	554
0	0	392	760	16	16	553
0	0	288	776	8	64	550
0	0	400	776	8	64	549
0	0	304	848	96	8	547
0	0	304	760	96	8	548
0	0	296	768	104	80	275
0	0	304	800	16	16	14
0	0	336	800	16	16	14
0	0	368	800	16	16	14
0	0	304	792	16	8	547
0	0	336	792	16	8	547
0	0	368	792	16	8	547
0	0	304	816	16	8	548
0	0	336	816	16	8	548
0	0	368	816	16	8	548
0	0	264	712	16	16	42
0	0	224	544	16	16	42
0	0	400	464	16	16	42
0	0	448	880	16	16	42
0	0	352	896	16	16	43
0	0	432	552	16	16	43
0	0	240	648	16	16	37
0	0	336	512	16	16	37
0	0	432	776	16	16	37
0	0	248	880	16	16	37
0	0	176	600	16	8	36
0	0	384	912	16	8	36
0	0	384	712	16	8	36
0	0	400	448	16	16	524
0	0	416	448	16	16	524
0	0	432	464	16	16	524
0	0	416	464	16	16	524
0	0	432	480	16	16	524
0	0	448	480	16	16	524
0	0	448	496	16	16	524
0	0	152	504	16	16	524
0	0	136	504	16	16	525
0	0	152	520	16	16	524
0	0	264	976	16	16	37
0	0	352	1000	16	16	37
0	0	232	1000	16	16	42
0	0	304	968	16	16	43
0	0	456	696	8	16	504
0	0	408	704	48	16	505
0	0	416	720	32	8	523
0	0	400	696	8	16	503
0	0	448	512	16	144	910
0	0	432	600	16	64	910
0	0	416	632	16	32	910
0	0	424	624	8	8	38
0	0	440	592	8	8	38
0	0	424	928	8	16	44
0	0	440	928	8	16	44
0	0	456	928	8	16	44
0	0	432	928	8	16	45
0	0	448	928	8	16	45
0	0	448	944	16	16	524
0	0	432	944	16	16	524
0	0	448	960	16	16	524
0	0	432	912	16	16	37
0	0	448	776	16	16	524
0	0	448	792	16	16	524
0	0	448	808	16	16	524
0	0	448	824	16	16	524
0	0	448	840	16	16	524
0	0	232	800	16	16	37
0	0	192	544	32	32	630
0	0	544	112	32	912	49
0	0	464	368	16	16	185
0	0	456	360	16	16	185
0	0	40	352	400	8	194
0	0	496	432	16	16	224
0	0	496	384	16	16	185
0	0	480	368	16	16	185
0	0	472	376	16	16	185
0	0	480	384	16	16	185
0	0	488	392	16	16	185
0	0	496	400	16	16	185
0	0	504	408	16	16	185
0	0	456	344	16	16	610
0	0	464	352	16	16	610
0	0	472	360	16	16	610
0	0	480	368	16	16	610
0	0	488	376	16	16	610
0	0	496	384	16	16	610
0	0	504	392	16	16	610
0	0	512	400	16	16	610
0	0	520	408	16	16	610
0	0	544	424	8	608	617
0	0	504	424	16	16	224
0	0	440	336	16	8	614
0	0	456	336	8	8	421
0	0	448	352	16	16	185
0	0	432	352	16	16	186
0	0	528	432	16	16	185
0	0	528	416	16	16	610
0	0	520	408	16	16	610
0	0	536	424	16	16	610
0	0	576	480	8	544	616
0	0	584	480	64	512	126
0	0	648	480	16	480	322
0	0	664	960	368	8	624
0	0	648	960	16	16	86
0	0	640	968	16	16	86
0	0	632	976	16	16	86
0	0	624	984	16	16	86
0	0	616	992	16	16	86
0	0	600	1008	16	16	86
0	0	600	992	16	16	126
0	0	584	992	16	32	126
0	0	608	1000	16	16	86
0	0	592	1016	16	16	86
0	0	704	760	16	24	1041
0	0	768	624	16	24	1041
0	0	752	624	16	24	1041
0	0	736	632	16	24	1041
0	0	728	648	16	24	1041
0	0	736	664	16	24	1041
0	0	752	672	16	24	1041
0	0	768	672	16	24	1041
0	0	776	688	16	24	1041
0	0	776	704	16	24	1041
0	0	768	720	16	24	1041
0	0	752	720	16	24	1041
0	0	736	712	16	24	1041
0	0	816	640	16	96	1041
0	0	832	632	16	24	1041
0	0	848	632	16	24	1041
0	0	864	640	16	96	1041
0	0	832	720	16	24	1041
0	0	848	720	16	24	1041
0	0	936	624	16	24	1041
0	0	920	624	16	24	1041
0	0	904	632	16	24	1041
0	0	896	648	16	24	1041
0	0	904	664	16	24	1041
0	0	920	672	16	24	1041
0	0	936	672	16	24	1041
0	0	944	688	16	24	1041
0	0	944	704	16	24	1041
0	0	936	720	16	24	1041
0	0	920	720	16	24	1041
0	0	904	712	16	24	1041
0	0	712	872	32	32	1040
0	0	688	544	32	32	1040
0	0	936	872	32	32	1040
0	0	840	680	16	16	310
0	0	784	520	16	24	1041
0	0	904	552	16	24	1041
0	0	1000	488	16	24	1041
0	0	1000	784	16	24	1041
0	0	816	888	16	24	1041
0	0	872	816	16	24	1041
0	0	1032	960	16	16	89
0	0	1040	968	16	16	89
0	0	1048	976	16	16	89
0	0	1056	984	16	16	89
0	0	1064	992	16	16	89
0	0	1072	1000	16	16	89
0	0	1080	1008	16	16	89
0	0	1088	1016	16	16	89
0	0	1032	480	8	480	585
0	0	832	912	16	8	871
0	0	848	912	8	32	870
0	0	832	920	16	24	872
0	0	824	912	8	32	869
0	0	848	888	16	24	1041
0	0	760	832	8	8	62
0	0	760	840	8	8	63
0	0	688	656	8	8	62
0	0	816	568	8	8	62
0	0	696	488	8	8	62
0	0	1000	648	8	8	62
0	0	992	888	8	8	62
0	0	672	744	8	8	63
0	0	856	784	8	8	63
0	0	976	680	8	8	63
0	0	840	592	8	8	63
0	0	728	944	8	8	63
0	0	1040	480	96	480	129
0	0	1048	952	80	16	129
0	0	1056	960	80	16	129
0	0	1096	1008	32	16	129
0	0	1088	992	48	16	129
0	0	1080	984	48	16	129
0	0	1072	968	64	16	129
0	0	664	464	16	16	582
0	0	664	448	16	16	580
0	0	680	448	8	8	749
0	0	680	432	8	16	748
0	0	1016	464	16	16	581
0	0	1016	448	16	16	579
0	0	1008	448	8	8	752
0	0	1008	432	8	16	751
0	0	1008	424	8	8	750
0	0	680	424	8	8	756
0	0	576	432	16	16	609
0	0	584	424	8	8	419
0	0	576	448	8	32	616
0	0	664	432	16	16	187
0	0	584	440	16	16	452
4	0	8	853	5	_random	1	-1
4	0	24	853	5	_random	1	-1
4	0	40	853	5	_random	1	-1
4	0	56	853	5	_random	1	-1
4	0	72	853	5	_random	1	-1
4	0	88	853	5	_random	1	-1
4	0	104	853	5	_random	1	-1
4	0	104	869	5	_random	1	-1
4	0	88	869	5	_random	1	-1
4	0	72	869	5	_random	1	-1
4	0	56	869	5	_random	1	-1
4	0	40	869	5	_random	1	-1
4	0	24	869	5	_random	1	-1
4	0	8	869	5	_random	1	-1
4	0	8	885	5	_random	1	-1
4	0	24	885	5	_random	1	-1
4	0	40	885	5	_random	1	-1
4	0	56	885	5	_random	1	-1
4	0	72	885	5	_random	1	-1
4	0	88	885	5	_random	1	-1
4	0	104	885	5	_random	1	-1
4	0	104	901	5	_random	1	-1
4	0	88	901	5	_random	1	-1
4	0	72	901	5	_random	1	-1
4	0	8	901	5	_random	1	-1
4	0	24	901	5	_random	1	-1
4	0	40	901	5	_random	1	-1
4	0	56	901	5	_random	1	-1
4	0	88	917	2	_random	1	-1
4	0	72	917	2	_random	1	-1
4	0	120	869	5	_random	1	-1
4	0	120	885	5	_random	1	-1
4	0	120	901	5	_random	1	-1
4	0	120	853	5	_random	1	-1
8	0	120	829	panel1_2	3	0	entities/sign	dialog#
4	0	104	597	3	_random	1	-1
4	0	88	613	3	_random	1	-1
8	0	336	701	panel1_3	3	0	entities/sign	dialog#outside_fields_NE_girly_sign
4	0	456	525	5	_random	1	-1
4	0	456	541	5	_random	1	-1
4	0	456	557	5	_random	1	-1
4	0	456	573	5	_random	1	-1
4	0	456	589	5	_random	1	-1
4	0	456	605	5	_random	1	-1
4	0	456	621	5	_random	1	-1
4	0	456	637	5	_random	1	-1
4	0	456	653	5	_random	1	-1
4	0	440	645	5	_random	1	-1
4	0	440	629	5	_random	1	-1
4	0	440	613	5	_random	1	-1
4	0	424	645	5	_random	1	-1
0	2	-104	1008	288	40	511
0	2	-104	992	288	16	512
0	2	8	448	384	40	511
0	2	-16	488	144	40	511
0	2	8	528	144	40	511
0	2	0	672	144	40	511
0	2	0	656	144	16	512
0	2	8	432	144	16	512
0	2	0	440	8	40	513
0	2	0	520	8	40	513
0	2	-16	472	144	16	512
0	2	128	480	8	40	514
0	2	152	520	8	40	514
0	2	144	664	8	40	514
0	2	184	1000	8	40	514
0	2	8	512	144	16	512
0	2	152	432	240	16	512
0	2	392	440	8	40	514
0	2	456	984	8	40	514
0	2	408	976	48	16	512
0	2	408	992	48	40	511
0	2	400	984	8	40	513
0	2	456	656	8	40	514
0	2	408	648	48	16	512
0	2	408	664	48	40	511
0	2	400	656	8	40	513
