1024	1024	0	-100	0	0	-1	1	same
0	0	192	40	304	104	953
0	0	352	280	64	56	918
0	0	256	296	32	16	937
0	0	272	280	64	56	918
0	0	104	0	480	24	917
0	0	96	8	32	336	936
0	0	704	464	16	16	272
0	0	600	760	80	48	722
0	0	584	584	16	16	715
0	0	648	584	16	16	715
0	0	600	592	48	8	718
0	0	568	584	8	16	44
0	0	552	584	8	16	44
0	0	536	584	8	16	44
0	0	576	584	8	16	45
0	0	560	584	8	16	45
0	0	544	584	8	16	45
0	0	696	920	8	16	504
0	0	648	928	48	16	505
0	0	656	944	32	8	523
0	0	640	920	8	16	503
0	0	496	1008	8	16	44
0	0	512	1008	8	16	44
0	0	528	1008	8	16	44
0	0	544	1008	8	16	44
0	0	560	1008	8	16	44
0	0	504	1008	8	16	45
0	0	520	1008	8	16	45
0	0	536	1008	8	16	45
0	0	552	1008	8	16	45
0	0	672	584	8	16	44
0	0	688	584	8	16	44
0	0	704	584	8	16	44
0	0	720	584	8	16	44
0	0	736	584	8	16	44
0	0	664	584	8	16	45
0	0	680	584	8	16	45
0	0	696	584	8	16	45
0	0	696	584	8	16	45
0	0	712	584	8	16	45
0	0	728	584	8	16	45
0	0	744	552	16	64	27
0	0	728	536	16	16	71
0	0	712	520	16	16	71
0	0	696	504	16	16	177
0	0	728	520	16	16	186
0	0	712	504	16	16	186
0	0	696	488	16	16	192
0	0	712	488	16	16	185
0	0	728	504	16	16	185
0	0	744	520	16	16	185
0	0	744	536	16	16	224
0	0	744	504	16	16	272
0	0	728	488	16	16	272
0	0	712	472	16	16	272
0	0	696	472	16	8	265
0	0	696	464	16	8	259
0	0	736	496	16	16	272
0	0	720	480	16	16	272
0	0	696	480	16	8	194
0	0	568	536	16	16	42
0	0	744	616	16	16	219
0	0	744	632	16	16	71
0	0	760	632	16	16	186
0	0	760	648	16	16	71
0	0	760	616	16	16	185
0	0	776	632	16	16	192
0	0	776	648	16	16	177
0	0	776	624	16	8	194
0	0	776	616	16	8	265
0	0	776	608	16	8	259
0	0	760	600	16	16	272
0	0	760	576	8	8	744
0	0	760	536	8	80	130
0	0	768	536	8	80	274
0	0	760	520	16	16	272
0	0	752	512	16	16	272
0	0	584	680	24	8	563
0	0	608	680	64	8	564
0	0	672	680	24	8	565
0	0	584	688	8	40	637
0	0	592	712	8	24	655
0	0	680	712	8	24	652
0	0	688	688	8	40	642
0	0	592	688	8	24	638
0	0	680	688	8	24	638
0	0	608	688	64	24	640
0	0	608	712	64	8	650
0	0	672	712	8	8	651
0	0	600	712	8	8	649
0	0	600	688	8	24	639
0	0	672	688	8	24	641
0	0	584	736	8	24	660
0	0	584	728	8	8	658
0	0	592	736	96	8	666
0	0	688	736	8	24	665
0	0	688	728	8	8	659
0	0	600	720	80	16	638
0	0	592	744	24	16	662
0	0	664	744	24	16	662
0	0	624	728	32	16	682
0	0	616	744	16	16	664
0	0	648	744	16	16	664
0	0	632	744	16	16	681
0	0	624	760	32	8	685
0	0	648	744	8	16	684
0	0	624	744	8	16	683
0	0	696	752	8	8	669
0	0	696	696	8	56	668
0	0	696	688	8	8	667
0	0	768	824	8	8	724
0	0	768	832	8	32	731
0	0	768	864	8	8	730
0	0	776	864	32	8	729
0	0	808	864	8	8	728
0	0	808	832	16	32	727
0	0	808	824	8	8	726
0	0	776	824	32	8	725
0	0	776	832	32	32	732
0	0	784	840	16	16	713
0	0	752	808	16	80	723
0	0	768	808	64	16	723
0	0	816	824	16	64	723
0	0	504	576	8	16	504
0	0	552	672	8	16	504
0	0	504	680	48	16	505
0	0	512	696	32	8	523
0	0	528	720	8	16	504
0	0	480	728	48	16	505
0	0	512	768	8	16	504
0	0	416	776	96	16	505
0	0	264	680	48	16	505
0	0	256	672	8	16	503
0	0	288	728	48	16	505
0	0	320	776	48	16	505
0	0	344	824	96	16	505
0	0	440	816	8	16	504
0	0	336	816	8	16	503
0	0	352	840	32	8	523
0	0	400	840	32	8	523
0	0	472	792	32	8	523
0	0	200	920	48	16	505
0	0	248	920	96	16	505
0	0	344	912	8	16	504
0	0	192	912	8	16	503
0	0	368	864	8	16	504
0	0	320	872	48	16	505
0	0	200	1016	96	16	505
0	0	296	1008	8	16	504
0	0	192	1008	8	16	503
0	0	280	720	8	16	503
0	0	312	768	8	16	503
0	0	424	864	192	96	14
0	0	472	872	24	8	561
0	0	496	872	48	8	558
0	0	544	872	24	8	562
0	0	472	880	8	8	631
0	0	560	880	8	8	636
0	0	480	904	8	24	653
0	0	488	880	8	16	633
0	0	488	904	8	8	644
0	0	496	904	48	8	645
0	0	488	896	8	8	633
0	0	544	880	8	24	635
0	0	544	904	8	8	646
0	0	480	880	8	24	632
0	0	552	880	8	24	632
0	0	552	904	8	24	654
0	0	560	888	8	32	636
0	0	472	888	8	32	631
0	0	472	928	8	24	660
0	0	472	920	8	8	656
0	0	560	920	8	8	657
0	0	560	928	8	24	665
0	0	480	928	80	8	661
0	0	496	880	48	24	634
0	0	488	912	64	16	632
0	0	480	936	24	16	662
0	0	536	936	24	16	662
0	0	512	936	16	16	681
0	0	504	920	32	16	682
0	0	504	936	8	16	683
0	0	504	952	32	8	685
0	0	528	936	8	16	684
0	0	440	856	176	8	763
0	0	416	864	16	16	759
0	0	416	880	8	64	765
0	0	416	944	16	16	762
0	0	440	960	176	8	764
0	0	424	952	16	16	762
0	0	424	856	16	16	759
0	0	600	856	16	16	760
0	0	608	864	16	16	760
0	0	600	952	16	16	761
0	0	608	944	16	16	761
0	0	616	880	8	64	766
0	0	552	664	32	32	527
0	0	568	696	16	16	524
0	0	552	696	16	16	524
0	0	536	696	16	16	524
0	0	568	712	16	16	524
0	0	552	712	16	16	524
0	0	568	728	16	16	524
0	0	584	760	16	48	806
0	0	680	760	16	48	806
0	0	632	760	16	48	985
0	0	616	776	16	16	985
0	0	608	792	16	16	985
0	0	624	792	16	16	985
0	0	648	776	16	16	985
0	0	648	792	16	16	985
0	0	656	792	16	16	985
0	0	600	792	8	24	808
0	0	672	792	8	24	807
0	0	608	792	16	32	804
0	0	656	792	16	32	804
0	0	792	632	16	16	192
0	0	792	648	16	16	177
0	0	792	624	16	8	194
0	0	792	616	16	8	265
0	0	792	608	16	8	259
0	0	808	632	16	16	192
0	0	808	648	16	16	177
0	0	808	624	16	8	194
0	0	808	616	16	8	265
0	0	808	608	16	8	259
0	0	824	632	16	16	192
0	0	824	648	16	16	177
0	0	824	624	16	8	194
0	0	824	616	16	8	265
0	0	824	608	16	8	259
0	0	872	632	16	16	192
0	0	872	648	16	16	177
0	0	872	624	16	8	194
0	0	872	616	16	8	265
0	0	872	608	16	8	259
0	0	888	632	16	16	192
0	0	888	648	16	16	177
0	0	888	624	16	8	194
0	0	888	616	16	8	265
0	0	888	608	16	8	259
0	0	904	632	16	16	192
0	0	904	648	16	16	177
0	0	904	624	16	8	194
0	0	904	616	16	8	265
0	0	904	608	16	8	259
0	0	920	632	112	16	192
0	0	920	648	112	16	177
0	0	920	624	112	8	194
0	0	920	616	112	8	265
0	0	920	608	112	8	259
0	0	824	656	16	24	714
0	0	872	656	16	24	714
0	0	840	616	8	8	810
0	0	848	616	16	48	812
0	0	840	624	8	40	810
0	0	864	616	8	48	811
0	0	840	608	32	8	259
0	0	840	664	8	8	467
0	0	864	664	8	8	468
0	0	808	496	24	8	563
0	0	832	496	48	8	564
0	0	880	496	24	8	565
0	0	808	504	8	40	637
0	0	816	528	8	24	655
0	0	888	528	8	24	652
0	0	896	504	8	40	642
0	0	816	504	8	24	638
0	0	888	504	8	24	638
0	0	832	504	48	24	640
0	0	832	528	48	8	650
0	0	880	528	8	8	651
0	0	824	528	8	8	649
0	0	824	504	8	24	639
0	0	880	504	8	24	641
0	0	808	552	8	24	660
0	0	808	544	8	8	658
0	0	816	552	80	8	666
0	0	896	552	8	24	665
0	0	896	544	8	8	659
0	0	824	536	64	16	638
0	0	840	544	32	16	682
0	0	832	560	16	16	664
0	0	864	560	16	16	664
0	0	848	560	16	16	681
0	0	840	576	32	8	685
0	0	864	560	8	16	684
0	0	840	560	8	16	683
0	0	904	568	8	8	669
0	0	904	512	8	56	668
0	0	904	504	8	8	667
0	0	816	560	16	16	664
0	0	880	560	16	16	664
0	0	840	536	32	16	686
0	0	912	704	144	16	505
0	0	920	720	32	8	523
0	0	968	720	32	8	523
0	0	1016	720	32	8	523
0	0	904	696	8	16	503
0	0	968	816	16	16	37
0	0	944	816	16	16	37
0	0	1016	816	16	16	43
0	0	928	816	16	16	43
0	0	912	720	112	8	558
0	0	912	728	112	40	634
0	0	912	768	112	8	645
0	0	896	792	128	8	661
0	0	904	776	120	16	632
0	0	912	800	24	16	662
0	0	952	784	32	16	682
0	0	976	800	8	16	684
0	0	960	800	16	16	681
0	0	952	816	32	8	685
0	0	952	800	8	16	683
0	0	896	800	16	16	664
0	0	904	896	8	16	44
0	0	920	896	8	16	44
0	0	976	896	8	16	44
0	0	992	896	8	16	44
0	0	1008	896	8	16	44
0	0	912	896	8	16	45
0	0	984	896	8	16	45
0	0	1000	896	8	16	45
0	0	896	896	8	16	45
0	0	888	880	8	16	46
0	0	888	864	8	16	46
0	0	888	848	8	16	46
0	0	888	832	8	16	46
0	0	888	816	8	16	46
0	0	888	896	8	16	44
0	0	984	800	16	16	664
0	0	912	816	16	16	42
0	0	1000	816	16	16	42
0	0	984	816	16	16	43
0	0	896	832	128	64	910
0	0	896	816	16	16	43
0	0	904	768	8	8	644
0	0	904	728	8	40	633
0	0	888	720	24	8	561
0	0	888	728	8	64	631
0	0	896	728	8	48	632
0	0	896	768	8	24	653
0	0	888	792	8	24	660
0	0	928	896	16	16	524
0	0	944	896	16	16	524
0	0	1016	896	8	16	45
0	0	960	896	16	16	524
0	0	936	800	16	16	664
0	0	1000	800	24	16	662
0	0	768	872	48	16	723
0	0	768	800	64	16	723
0	0	824	840	16	48	723
0	0	752	880	64	16	723
0	0	744	808	16	48	723
0	0	736	808	16	32	723
0	0	800	792	32	16	723
0	0	832	856	16	32	723
0	0	752	888	32	16	723
0	0	720	808	16	16	723
0	0	816	776	16	16	723
0	0	848	872	16	16	723
0	0	752	904	16	16	723
0	0	776	528	8	16	44
0	0	792	528	8	16	44
0	0	784	528	8	16	45
0	0	800	528	8	16	45
0	0	776	544	16	16	524
0	0	792	544	16	16	524
0	0	776	560	16	16	524
0	0	912	584	48	16	505
0	0	960	576	8	16	504
0	0	904	576	8	16	503
0	0	920	600	32	8	523
0	0	952	552	96	16	505
0	0	960	568	32	8	523
0	0	928	512	48	16	505
0	0	920	504	8	16	503
0	0	760	480	192	16	505
0	0	768	496	32	8	523
0	0	912	496	32	8	523
0	0	752	472	8	16	503
0	0	1008	568	32	8	523
0	0	776	496	32	32	528
0	0	968	576	32	32	527
0	0	736	696	16	16	37
0	0	864	776	16	16	37
0	0	808	928	16	16	37
0	0	480	832	16	16	37
0	0	568	616	16	16	37
0	0	360	928	16	8	36
0	0	1000	928	16	8	36
0	0	640	832	16	8	36
0	0	728	608	16	8	36
0	0	512	800	16	16	43
0	0	712	920	16	16	43
0	0	800	752	16	16	43
0	0	648	640	16	16	43
0	0	336	984	16	16	43
0	0	568	976	16	16	42
0	0	920	944	16	16	42
0	0	704	736	16	16	42
0	0	824	576	16	16	42
0	0	376	840	16	16	524
0	0	392	840	16	16	524
0	0	376	856	16	16	524
0	0	464	792	16	16	524
0	0	256	936	32	8	523
0	0	304	936	32	8	523
0	0	328	888	32	8	523
0	0	496	744	32	8	523
0	0	272	696	32	8	523
0	0	296	744	32	8	523
0	0	328	792	32	8	523
0	0	424	792	32	8	523
0	0	448	792	16	16	524
0	0	448	808	16	16	524
0	0	280	936	16	16	524
0	0	280	952	16	16	524
0	0	296	952	16	16	524
0	0	296	936	16	16	524
0	0	808	664	16	16	524
0	0	792	664	16	16	524
0	0	776	664	16	16	524
0	0	808	680	16	16	524
0	0	792	680	16	16	524
0	0	888	664	16	16	524
0	0	888	680	16	16	524
0	0	888	696	16	16	524
0	0	808	696	16	16	524
0	0	728	568	16	16	524
0	0	728	552	16	16	524
0	0	712	568	16	16	524
0	0	696	568	16	16	524
0	0	712	552	16	16	524
0	0	536	600	16	16	524
0	0	536	616	16	16	524
0	0	552	600	16	16	524
0	0	112	320	160	56	918
0	0	144	336	32	56	938
0	0	112	320	16	16	931
0	0	112	8	16	16	928
0	0	576	0	16	8	921
0	0	96	0	16	8	920
0	0	560	8	32	320	937
0	0	560	8	16	16	929
0	0	96	328	16	48	922
0	0	576	328	16	48	923
0	0	416	320	160	56	918
0	0	560	320	16	16	930
0	0	512	336	32	56	938
0	0	448	336	32	56	938
0	0	208	336	32	56	938
0	0	272	328	16	48	923
0	0	400	328	16	48	922
0	0	312	304	24	32	1032
0	0	352	304	24	32	1033
0	0	328	360	32	24	1031
0	0	256	312	32	16	937
0	0	256	320	16	16	930
0	0	400	296	32	32	936
0	0	416	320	16	16	931
0	0	272	304	16	8	920
0	0	272	296	16	40	924
0	0	400	296	16	40	925
0	0	416	280	16	16	934
0	0	256	280	16	16	935
0	0	160	144	16	48	922
0	0	208	144	16	48	923
0	0	464	144	16	48	922
0	0	512	144	16	48	923
0	0	464	104	16	40	925
0	0	168	16	352	24	917
0	0	160	16	16	8	920
0	0	160	24	32	128	936
0	0	176	144	32	56	938
0	0	512	16	16	8	921
0	0	496	24	32	128	937
0	0	480	144	32	56	938
0	0	176	24	16	16	928
0	0	496	24	16	16	929
0	0	176	128	16	16	931
0	0	192	128	16	16	930
0	0	192	96	32	32	937
0	0	208	88	272	56	918
0	0	208	104	16	40	924
0	0	336	312	16	24	1035
0	0	256	240	80	24	917
0	0	-8	0	104	576	275
0	0	144	848	8	16	504
0	0	80	880	8	16	504
0	0	96	928	8	16	504
0	0	96	856	48	16	505
0	0	48	936	48	16	505
0	0	104	872	32	8	523
0	0	56	952	32	8	523
0	0	72	896	48	16	505
0	0	80	912	32	8	523
0	0	120	888	8	16	504
0	0	168	1008	32	32	526
0	0	88	1008	32	32	526
4	0	920	845	5	_random	1	-1
4	0	936	845	5	_random	1	-1
4	0	952	845	5	_random	1	-1
4	0	968	845	5	_random	1	-1
4	0	984	845	5	_random	1	-1
4	0	1000	845	5	_random	1	-1
4	0	1016	845	5	_random	1	-1
4	0	1016	861	5	_random	1	-1
4	0	1000	861	5	_random	1	-1
4	0	984	861	5	_random	1	-1
4	0	968	861	5	_random	1	-1
4	0	952	861	5	_random	1	-1
4	0	936	861	5	_random	1	-1
4	0	920	861	5	_random	1	-1
4	0	920	877	5	_random	1	-1
4	0	936	877	5	_random	1	-1
4	0	952	877	5	_random	1	-1
4	0	968	877	5	_random	1	-1
4	0	984	877	5	_random	1	-1
4	0	1000	877	5	_random	1	-1
4	0	1016	877	5	_random	1	-1
4	0	1016	893	5	_random	1	-1
4	0	1000	893	5	_random	1	-1
4	0	984	893	5	_random	1	-1
4	0	920	893	5	_random	1	-1
4	0	936	893	5	_random	1	-1
4	0	952	893	5	_random	1	-1
4	0	968	893	5	_random	1	-1
4	0	904	893	5	_random	1	-1
4	0	904	861	5	_random	1	-1
4	0	904	877	5	_random	1	-1
4	0	904	845	5	_random	1	-1
4	0	936	909	2	_random	1	-1
4	0	952	909	2	_random	1	-1
4	0	968	909	2	_random	1	-1
0	2	792	976	96	40	511
0	2	584	560	80	24	717
0	2	696	880	8	40	514
0	2	648	872	48	16	512
0	2	648	888	48	40	511
0	2	640	880	8	40	513
0	2	504	536	8	40	514
0	2	312	528	192	16	512
0	2	312	544	192	40	511
0	2	288	576	240	16	512
0	2	528	584	8	40	514
0	2	288	592	240	40	511
0	2	264	624	240	16	512
0	2	504	624	48	16	512
0	2	552	632	8	40	514
0	2	264	640	288	40	511
0	2	288	672	240	16	512
0	2	288	688	240	40	511
0	2	528	680	8	40	514
0	2	320	720	192	16	512
0	2	320	736	192	40	511
0	2	512	728	8	40	514
0	2	344	768	96	16	512
0	2	344	784	96	40	511
0	2	304	536	8	40	513
0	2	280	584	8	40	513
0	2	256	632	8	40	513
0	2	280	680	8	40	513
0	2	312	728	8	40	513
0	2	336	776	8	40	513
0	2	440	776	8	40	514
0	2	224	816	144	16	512
0	2	224	832	144	40	511
0	2	368	824	8	40	514
0	2	200	864	144	16	512
0	2	200	880	144	40	511
0	2	224	912	48	16	512
0	2	224	928	48	40	511
0	2	344	872	8	40	514
0	2	272	920	8	40	514
0	2	216	824	8	40	513
0	2	192	872	8	40	513
0	2	216	920	8	40	513
0	2	200	960	96	16	512
0	2	200	976	96	40	511
0	2	296	968	8	40	514
0	2	192	968	8	40	513
0	2	392	992	48	16	512
0	2	392	1008	96	40	511
0	2	440	992	48	16	512
0	2	384	1000	8	40	513
0	2	488	1000	8	40	514
0	2	912	648	144	16	512
0	2	912	664	144	40	511
0	2	904	656	8	40	513
0	2	576	1008	144	40	511
0	2	720	1008	48	40	511
0	2	568	1000	8	40	513
0	2	576	992	144	16	512
0	2	768	1008	288	40	511
0	2	792	960	96	16	512
0	2	784	968	8	40	513
0	2	888	968	8	40	514
0	2	720	992	336	16	512
0	2	904	536	8	40	515
0	2	760	440	288	40	511
0	2	928	472	96	40	511
0	2	952	512	96	40	511
0	2	960	536	8	40	516
0	2	952	496	96	16	512
0	2	912	544	48	40	518
0	2	944	504	8	40	513
0	2	912	528	48	16	517
0	2	920	464	8	40	513
0	2	928	456	96	16	512
0	2	752	432	8	40	513
0	2	760	424	288	16	512
0	2	0	816	144	40	511
0	2	0	800	144	16	512
0	2	144	808	8	40	514
0	2	-24	856	144	40	511
0	2	120	848	8	40	514
0	2	0	896	96	40	511
0	2	-32	936	96	40	511
0	2	-8	984	96	40	511
0	2	-24	840	144	16	512
0	2	0	880	96	16	512
0	2	-32	920	96	16	512
0	2	-8	968	96	16	512
0	2	96	888	8	40	514
0	2	64	928	8	40	514
0	2	88	976	8	40	514
