400	240	-1	-100	0	0	-1	3	cave.spc
0	0	248	200	112	24	52
0	0	16	200	24	24	47
0	0	16	40	24	160	51
0	0	16	16	24	24	45
0	0	40	16	144	24	49
0	0	360	16	24	24	46
0	0	360	40	24	160	50
0	0	360	200	24	24	48
0	0	40	40	8	8	14
0	0	48	40	128	8	179
0	0	352	40	8	8	15
0	0	352	48	8	144	182
0	0	352	192	8	8	17
0	0	48	192	128	8	180
0	0	40	192	8	8	17
0	0	40	48	8	144	181
0	0	48	48	128	144	2
0	0	184	16	24	24	46
0	0	184	40	24	160	50
0	0	184	200	24	24	48
0	0	224	40	24	160	51
0	0	224	200	24	24	47
0	0	40	200	144	24	52
0	0	176	192	8	8	17
0	0	176	48	8	144	182
0	0	176	40	8	8	15
0	0	224	16	24	24	45
0	0	248	16	112	24	49
0	0	256	192	96	8	180
0	0	248	192	8	8	16
0	0	248	48	8	144	181
0	0	248	40	8	8	14
0	0	256	40	96	8	179
0	0	256	48	96	144	2
0	0	184	112	16	16	296
0	0	232	112	16	16	295
0	0	200	112	32	16	2
0	0	208	104	16	8	69
0	0	208	128	16	8	69
0	0	296	200	16	32	2
0	0	312	224	8	16	71
0	0	296	240	16	8	70
0	0	288	224	8	16	71
0	0	296	200	16	16	294
0	0	184	128	16	8	300
0	0	232	128	16	8	299
0	0	232	104	16	8	297
0	0	184	104	16	8	298
0	0	288	200	8	16	303
0	0	312	200	8	16	302
1	0	304	213	start_position	1	0
5	0	96	176	uselesschest	0	_none	1	-1
17	0	168	117	2
17	0	168	101	2
17	0	168	133	0
17	0	168	85	2
17	0	168	69	4
17	0	152	69	4
17	0	136	69	4
17	0	120	69	4
17	0	104	69	4
17	0	88	69	4
17	0	72	69	4
17	0	56	69	7
17	0	72	85	0
17	0	88	85	7
17	0	104	101	1
17	0	120	85	7
17	0	136	101	1
17	0	152	85	4
17	0	136	85	7
17	0	152	101	6
17	0	152	117	4
17	0	136	117	3
17	0	120	101	3
17	0	104	85	5
17	0	88	101	4
17	0	72	101	3
17	0	56	85	6
17	0	56	101	6
17	0	56	117	7
17	0	72	133	1
17	0	88	117	7
17	0	104	133	1
17	0	120	117	7
17	0	136	133	0
17	0	152	133	6
17	0	152	149	4
17	0	136	149	3
17	0	120	133	3
17	0	104	117	5
17	0	88	133	3
17	0	72	117	5
17	0	56	133	6
17	0	56	149	6
17	0	56	165	6
17	0	56	181	0
17	0	72	181	0
17	0	88	181	2
17	0	88	165	4
17	0	72	165	2
17	0	72	149	0
17	0	88	149	0
17	0	104	149	0
17	0	120	149	5
17	0	104	165	6
17	0	136	165	0
17	0	136	181	0
17	0	152	165	0
17	0	152	181	0
17	0	168	181	2
17	0	168	165	2
17	0	168	149	2
14	0	344	189	crystal_switch
15	0	320	144	16	48	0
15	0	256	96	16	48	1
15	0	336	144	16	16	0
15	0	256	144	32	16	0
15	0	272	80	16	16	0
15	0	256	80	16	16	0
15	0	320	64	16	16	1
15	0	336	64	16	16	1
15	0	320	96	32	16	1
15	0	320	80	16	16	1
15	0	288	112	32	16	1
15	0	320	112	32	16	0
15	0	256	48	96	16	0
15	0	256	64	64	16	1
15	0	272	96	16	16	1
15	0	304	96	16	16	0
15	0	288	80	16	16	1
15	0	304	80	16	16	0
15	0	272	160	16	16	1
15	0	256	160	16	32	0
15	0	288	144	16	16	1
15	0	272	128	64	16	0
15	0	336	128	16	16	1
15	0	272	176	16	16	1
15	0	304	160	16	16	0
14	0	280	125	crystal_switch_3
15	0	304	144	16	16	1
15	0	336	160	16	16	1
14	0	344	77	crystal_switch_2
15	0	336	80	16	16	0
15	0	288	160	16	16	1
15	0	288	96	16	16	0
2	0	296	224	16	16	teletransporter	0	1	1	stupid_cave_out
0	2	256	216	96	8	412
0	2	224	64	8	96	415
0	2	200	64	8	96	416
0	2	208	16	16	208	170
0	2	0	224	400	16	170
0	2	0	0	16	224	170
0	2	16	0	384	16	170
0	2	384	16	16	208	170
0	2	200	104	8	32	306
0	2	224	104	8	32	305
0	2	288	216	32	8	312
