255	255	255
2	0	0	1	24	224	16	16
3	0	0	0	40	224	16	16
14	0	0	1	96	96	8	8
15	0	0	1	104	96	8	8
16	0	0	1	96	104	8	8
17	0	0	1	104	104	8	8
45	0	1	1	0	0	24	24
46	0	1	1	24	0	24	24
47	0	1	1	0	24	24	24
48	0	1	1	24	24	24	24
49	0	1	1	48	0	16	24
50	0	1	1	64	0	24	16
51	0	1	1	48	24	24	16
52	0	1	1	72	16	16	24
53	0	1	1	112	24	24	24
54	0	1	1	88	24	24	24
55	0	1	1	112	0	24	24
56	0	1	1	88	0	24	24
57	0	1	0	0	48	24	24
58	0	1	0	24	48	24	24
59	0	1	0	0	72	24	24
60	0	1	0	24	72	24	24
65	0	1	0	112	72	24	24
66	0	1	0	88	72	24	24
67	0	1	0	112	48	24	24
68	0	1	0	88	48	24	24
69	0	1	1	48	40	8	8
70	0	1	1	56	40	8	8
71	0	1	1	64	40	8	8
72	0	1	1	0	128	8	16
73	0	1	1	8	128	8	16
74	0	1	1	16	144	8	16
75	0	1	1	24	144	8	16
76	0	0	1	0	160	16	16
77	0	0	1	16	176	16	16
78	0	1	1	0	144	16	8
79	0	1	1	16	128	16	8
80	0	1	1	0	152	16	8
81	0	1	1	16	136	16	8
82	0	0	1	0	176	16	16
83	0	0	1	16	160	16	16
88	0	0	1	32	160	16	16
89	0	0	1	48	176	16	16
94	0	0	1	32	176	16	16
95	0	0	1	48	160	16	16
101	0	0	1	8	224	16	16
152	0	0	2	64	128	32	8
153	0	0	2	64	136	32	8
154	0	0	2	64	144	32	8
155	0	0	2	64	152	32	8
160	0	0	2	128	192	8	32
161	0	0	2	136	192	8	32
162	0	0	2	112	192	8	32
163	0	0	2	120	192	8	32
164	0	0	2	96	192	8	32
165	0	0	2	104	192	8	32
170	0	0	2	0	224	8	8
179	0	0	1	112	96	16	8
187	0	0	2	64	160	32	8
188	0	0	2	64	168	32	8
189	0	0	1	0	192	16	16
190	0	0	1	16	192	16	16
191	0	0	1	32	192	16	16
192	0	0	1	48	192	16	16
193	0	0	1	0	208	16	16
194	0	0	1	16	208	16	16
195	0	0	1	32	208	16	16
196	0	0	1	48	208	16	16
232	0	1	0	48	48	16	24
233	0	1	0	64	48	24	16
234	0	1	0	72	64	16	24
235	0	1	0	48	72	24	16
236	0	0	1	112	104	16	8
237	0	0	1	128	96	8	16
238	0	0	1	136	96	8	16
239	0	0	1	144	96	8	8
240	0	0	1	152	96	8	8
241	0	0	1	152	104	8	8
242	0	0	1	144	104	8	8
243	0	6	1	160	96	8	8
244	0	6	1	168	96	8	8
245	0	6	1	168	104	8	8
246	0	6	1	160	104	8	8
247	0	6	1	176	96	8	8
248	0	6	1	176	104	8	8
249	0	6	1	184	104	8	8
250	0	6	1	184	96	8	8
251	0	6	1	200	104	8	8
252	0	6	1	192	104	8	8
253	0	6	1	192	96	8	8
254	0	6	1	200	96	8	8
255	0	6	0	0	96	16	16
256	0	6	0	16	96	16	16
257	0	6	0	16	112	16	16
258	0	6	0	0	112	16	16
259	0	6	0	32	96	16	16
260	0	6	0	32	112	16	16
261	0	6	0	48	96	16	16
262	0	6	0	48	112	16	16
263	0	6	0	64	96	16	16
264	0	6	0	80	96	16	16
265	0	6	0	80	112	16	16
266	0	6	0	64	112	16	16
267	0	1	1	160	160	8	24
268	0	1	1	184	160	8	24
269	0	1	1	160	184	32	8
270	0	0	1	168	160	16	24
271	0	0	2	160	128	16	8
272	0	0	2	160	136	16	8
273	0	0	2	176	128	16	8
274	0	0	2	176	136	16	8
275	0	1	1	0	240	16	16
276	1	1	1	2	16	16	16	240	32	240	48	240
277	0	1	1	0	256	16	16
278	1	1	2	2	16	16	16	256	32	256	48	256
287	0	0	1	96	128	32	8
288	0	1	0	96	136	8	24
289	0	1	0	120	136	8	24
290	0	0	0	104	136	16	24
291	0	0	1	152	128	8	32
292	0	1	0	128	128	24	8
293	0	1	0	128	152	24	8
294	0	0	0	128	136	24	16
295	0	0	1	96	160	8	32
296	0	1	0	104	160	24	8
297	0	1	0	104	184	24	8
298	0	0	0	104	168	24	16
299	0	0	1	128	184	32	8
300	0	1	0	128	160	8	24
301	0	1	0	152	160	8	24
302	0	0	0	136	160	16	24
303	0	-3	1	0	232	8	8
307	0	0	0	96	112	8	8
308	0	0	0	104	112	8	8
309	0	0	0	104	120	8	8
310	0	0	0	96	120	8	8
311	0	0	0	112	112	16	8
312	0	0	0	112	120	16	8
313	0	0	0	128	112	8	16
314	0	0	0	136	112	8	16
315	0	0	0	144	112	8	8
316	0	0	0	152	112	8	8
317	0	0	0	152	120	8	8
318	0	0	0	144	120	8	8
319	2	-3	1	56	224	16	16
320	0	0	1	72	224	16	16
323	0	1	1	64	240	32	32
324	0	1	1	0	272	8	24
325	0	1	1	8	280	16	16
326	0	1	1	8	272	16	8
329	0	0	1	8	296	32	24
330	0	1	1	40	272	24	24
331	0	1	1	64	272	24	24
332	0	0	2	40	296	24	8
333	0	0	2	64	296	24	8
334	0	1	1	40	304	8	16
335	0	1	1	64	304	8	16
336	0	0	1	48	304	16	16
337	1	1	1	2	32	16	96	240	96	256	96	272
338	1	1	1	2	16	32	128	240	144	240	160	240
339	1	1	1	2	32	16	144	272	144	288	144	304
340	1	1	1	2	16	32	96	288	112	288	128	288
341	0	1	1	176	240	16	32
342	0	1	1	192	240	16	32
343	0	1	1	176	272	32	16
344	0	1	1	176	288	32	16
345	0	1	1	208	240	32	24
352	0	0	2	192	160	8	32
353	0	0	2	200	160	8	32
354	0	0	1	208	160	8	32
355	0	0	1	216	160	8	32
356	0	0	2	192	128	32	8
357	0	0	2	192	136	32	8
358	0	0	1	192	144	32	8
359	0	0	1	192	152	32	8
360	0	0	0	88	224	16	16
361	0	0	1	120	224	8	8
362	0	0	1	120	232	8	8
363	0	1	1	24	272	16	24
364	0	1	1	224	296	32	24
365	0	0	2	208	264	64	32
366	0	0	2	0	352	128	112
367	0	1	1	8	464	24	16
368	0	1	1	96	464	24	16
369	0	0	1	32	464	64	16
383	0	1	1	0	480	16	16
384	0	1	1	0	496	16	16
385	0	1	1	0	512	16	16
390	0	1	1	32	480	8	8
391	0	1	1	40	480	8	8
392	0	0	1	32	488	8	8
393	0	0	1	40	488	8	8
394	0	1	1	32	496	8	32
395	0	1	1	40	496	8	32
396	0	0	1	128	224	16	16
397	0	4	1	24	480	8	8
398	0	5	1	16	480	8	8
399	0	2	1	16	528	8	8
400	0	3	1	24	528	8	8
401	0	5	1	24	504	8	8
402	0	4	1	16	504	8	8
403	0	2	1	24	496	8	8
404	0	3	1	16	496	8	8
405	0	1	1	16	488	8	8
406	0	1	1	24	488	8	8
407	0	1	1	16	512	8	16
408	0	1	1	24	512	8	16
409	0	1	1	32	128	8	16
410	0	1	1	40	128	8	16
411	0	1	1	48	128	16	8
412	0	1	1	48	136	16	8
413	0	1	1	32	144	16	8
414	0	1	1	32	152	16	8
415	0	1	1	48	144	8	16
416	0	1	1	56	144	8	16
417	0	0	2	64	176	32	8
418	0	0	2	64	184	32	8
419	0	0	2	144	192	8	32
420	0	0	2	152	192	8	32
