480	640	-1	0	1192	2056	-1	3	cave.spc
0	0	72	72	336	496	3
0	0	280	104	8	416	71
0	0	192	272	8	40	71
0	0	120	312	40	8	70
0	0	120	288	40	8	70
0	0	64	368	48	24	226
0	0	72	384	16	16	3
0	0	168	520	8	48	219
0	0	40	576	24	24	59
0	0	416	576	24	24	60
0	0	416	40	24	24	58
0	0	40	40	24	24	57
0	0	64	40	352	24	224
0	0	416	64	24	512	225
0	0	40	64	24	304	227
0	0	64	576	112	24	226
0	0	64	568	8	8	214
0	0	72	568	96	8	217
0	0	408	568	8	8	215
0	0	64	72	8	288	218
0	0	408	72	8	496	219
0	0	408	64	8	8	213
0	0	64	64	8	8	212
0	0	72	64	336	8	216
0	0	40	456	24	24	57
0	0	40	480	24	96	227
0	0	64	456	48	24	224
0	0	72	464	16	16	251
0	0	64	464	8	16	285
0	0	104	384	24	80	227
0	0	40	368	24	24	59
0	0	64	360	8	8	214
0	0	72	360	64	8	217
0	0	128	360	8	8	221
0	0	64	488	8	80	218
0	0	72	480	64	8	216
0	0	128	368	8	112	218
0	0	104	456	24	24	68
0	0	104	368	24	24	66
0	0	128	480	8	8	222
0	0	64	480	8	8	212
0	0	88	464	8	16	286
0	0	104	576	16	16	294
0	0	96	576	8	16	288
0	0	120	576	8	16	287
0	0	104	624	16	8	70
0	0	176	576	24	24	60
0	0	168	568	8	8	215
0	0	176	544	24	32	225
0	0	192	528	80	24	226
0	0	264	544	24	32	227
0	0	264	576	24	24	59
0	0	288	576	128	24	226
0	0	288	568	8	8	214
0	0	296	568	112	8	217
0	0	176	520	112	8	217
0	0	168	520	8	8	220
0	0	288	520	8	48	218
0	0	288	520	8	8	221
0	0	176	528	24	24	65
0	0	264	528	24	24	66
0	0	104	592	16	32	3
0	0	64	512	48	48	345
0	0	72	552	32	8	334
0	0	72	512	32	8	332
0	0	104	512	8	8	331
0	0	104	552	8	8	330
0	0	88	528	8	16	335
0	0	64	512	8	8	328
0	0	64	552	8	8	329
0	0	64	520	8	32	333
0	0	104	624	16	8	70
0	0	96	528	16	16	3
0	0	104	520	8	8	330
0	0	104	544	8	8	331
0	0	96	544	8	8	332
0	0	96	520	8	8	334
0	0	88	520	8	8	336
0	0	88	544	8	8	339
0	0	232	616	16	16	2
0	0	232	624	16	8	70
0	0	72	368	16	16	252
0	0	72	392	16	8	70
0	0	88	368	8	16	287
0	0	64	368	8	16	288
0	0	64	240	8	8	69
0	0	72	240	64	8	70
0	0	112	360	8	8	69
0	0	136	240	8	8	69
0	0	136	360	8	8	69
0	0	120	360	16	8	70
0	0	136	248	8	40	71
0	0	136	320	8	40	71
0	0	136	288	8	8	69
0	0	136	312	8	8	69
0	0	112	288	8	8	69
0	0	112	312	8	8	69
0	0	160	312	8	8	69
0	0	160	288	8	8	69
0	0	280	520	8	8	69
0	0	192	448	8	8	69
0	0	216	448	8	8	69
0	0	216	424	8	8	69
0	0	256	424	8	8	69
0	0	192	400	8	8	69
0	0	176	344	8	8	69
0	0	192	408	8	40	71
0	0	256	392	8	32	71
0	0	216	432	8	16	71
0	0	200	448	16	8	70
0	0	224	424	32	8	70
0	0	184	344	48	8	70
0	0	144	240	96	8	70
0	0	232	504	24	8	70
0	0	224	504	8	8	69
0	0	200	520	8	8	69
0	0	200	480	8	8	69
0	0	256	480	8	8	69
0	0	240	456	8	8	69
0	0	208	480	48	8	70
0	0	248	456	32	8	70
0	0	200	488	8	32	71
0	0	256	504	8	8	69
0	0	256	488	8	16	71
0	0	256	264	8	8	69
0	0	192	264	8	8	69
0	0	216	288	8	8	69
0	0	192	312	8	8	69
0	0	224	288	112	8	70
0	0	200	264	56	8	70
0	0	200	312	56	8	70
0	0	280	456	8	8	69
0	0	144	392	8	8	69
0	0	144	464	8	8	69
0	0	136	464	8	8	70
0	0	144	400	8	64	71
0	0	128	464	8	8	69
0	0	256	384	8	8	69
0	0	232	384	8	8	69
0	0	232	344	8	8	69
0	0	176	400	8	8	69
0	0	184	400	8	8	70
0	0	240	384	16	8	70
0	0	176	352	8	48	71
0	0	232	352	8	32	71
0	0	256	312	8	8	69
0	0	256	336	8	8	69
0	0	280	336	8	8	69
0	0	264	336	16	8	70
0	0	256	320	8	16	71
0	0	128	88	16	24	359
0	0	120	88	8	24	361
0	0	144	88	8	24	362
0	0	160	160	16	24	368
0	0	152	160	8	24	365
0	0	152	184	32	8	367
0	0	176	160	8	24	366
0	0	152	96	8	8	69
0	0	112	96	8	8	69
0	0	88	96	8	8	69
0	0	88	128	8	8	69
0	0	88	208	8	8	69
0	0	64	208	8	8	69
0	0	72	208	16	8	70
0	0	96	128	16	8	70
0	0	96	96	16	8	70
0	0	88	104	8	24	71
0	0	128	152	8	56	71
0	0	128	208	8	8	69
0	0	280	96	8	8	69
0	0	160	96	120	8	70
0	0	160	208	8	8	69
0	0	224	216	8	8	69
0	0	240	136	8	56	71
0	0	280	240	8	8	69
0	0	128	144	8	8	69
0	0	112	144	8	8	69
0	0	136	208	24	8	70
0	0	152	136	8	8	69
0	0	240	136	8	8	69
0	0	160	136	80	8	70
0	0	200	160	8	8	69
0	0	200	168	8	24	71
0	0	200	192	8	8	69
0	0	208	192	32	8	70
0	0	240	192	8	8	69
0	0	176	144	8	8	71
0	0	176	136	8	8	69
0	0	176	152	8	8	69
0	0	176	216	48	8	70
0	0	168	216	8	8	69
0	0	112	128	8	8	69
0	0	120	144	8	8	70
0	0	112	136	8	8	71
0	0	112	208	8	8	69
0	0	120	208	8	8	70
0	0	288	560	32	16	345
0	0	288	568	8	8	329
0	0	288	560	8	8	328
0	0	312	560	8	8	331
0	0	312	568	8	8	330
0	0	296	560	16	8	332
0	0	296	568	16	8	334
0	0	280	288	8	8	69
0	0	408	288	8	8	69
0	0	368	288	40	8	70
0	0	336	264	8	56	71
0	0	360	264	8	56	71
0	0	336	288	8	8	69
0	0	336	264	8	8	69
0	0	336	312	8	8	69
0	0	360	312	8	8	69
0	0	360	288	8	8	69
0	0	360	264	8	8	69
0	0	336	464	8	8	69
0	0	360	464	8	8	69
0	0	336	472	8	40	71
0	0	360	472	8	40	71
0	0	312	136	8	8	69
0	0	312	216	8	8	69
0	0	384	216	8	8	69
0	0	384	136	8	8	69
0	0	312	144	8	72	71
0	0	384	144	8	72	71
0	0	320	136	64	8	70
0	0	320	216	64	8	70
0	0	320	352	8	8	69
0	0	376	352	8	8	69
0	0	320	424	8	8	69
0	0	376	424	8	8	69
0	0	328	352	48	8	70
0	0	328	424	48	8	70
0	0	320	360	8	64	71
0	0	376	360	8	64	71
0	0	304	304	16	16	283
0	0	384	304	16	16	283
0	0	288	488	48	8	70
0	0	280	488	8	8	69
0	0	408	488	8	8	69
0	0	368	488	40	8	70
0	0	304	464	16	16	369
0	0	384	464	16	16	369
0	0	384	560	32	16	364
0	0	400	544	16	16	364
0	0	400	64	16	16	364
0	0	336	512	8	8	69
0	0	360	512	8	8	69
0	0	336	488	8	8	69
0	0	360	488	8	8	69
0	0	272	240	8	8	70
0	0	264	240	8	8	69
0	0	240	240	8	8	69
0	0	96	600	8	24	71
0	0	120	600	8	24	71
2	0	72	368	16	16	to_B1_stairs_2	0	1	21	from_1F_stairs_2
2	0	104	608	16	16	to_outside	0	1	4	out_lyriann_cave
1	0	72	509	destination_point	-1	1
1	0	88	509	destination_point_2	-1	1
1	0	104	509	destination_point_3	-1	1
1	0	80	477	from_B1_first_stairs	3	0
2	0	72	464	16	16	to_B1_first_stairs	0	1	21	from_1F_first_stairs
2	0	96	512	16	16	teletransporter_2	0	1	21	_same
2	0	96	544	16	16	teletransporter_3	0	1	21	_same
2	0	64	512	32	48	teletransporter_4	0	1	21	_same
14	0	192	509
1	0	80	381	from_B1_stairs_2	1	0
10	0	136	296	8	16	barrier	71	1
1	0	248	421	destination_point_4	-1	1
2	0	128	448	16	16	teletransporter_5	1	1	20	destination_point_3
2	0	240	488	16	16	teletransporter_6	1	1	20	destination_point
2	0	264	320	16	16	teletransporter_7	1	1	20	destination_point_4
2	0	200	432	16	16	teletransporter_8	1	1	20	destination_point_2
11	0	88	328	open_barrier_switch	1	0	0
4	0	96	341	0	_none	0	-1
1	0	112	269	destination_point_5	-1	1
15	0	184	512	16	16	0
12	0	120	80	32	8	custom_obstacle	1	1	1	1
15	0	248	208	32	16	1
15	0	248	160	32	16	0
15	0	248	176	32	16	1
15	0	264	224	16	16	0
14	0	256	237
5	0	208	160	chest	0	_none	0	0
15	0	136	160	16	32	0
15	0	120	128	32	16	1
1	0	200	213	destination_point_6	-1	1
2	0	208	200	16	16	teletransporter_9	1	1	20	destination_point_5
2	0	88	256	16	16	teletransporter_10	1	1	20	destination_point_6
15	0	208	144	32	16	0
1	0	168	173	from_B1_middle_stairs	1	0
2	0	160	160	16	16	to_B1_middle_stairs	0	1	21	from_1F_middle_stairs
15	0	208	104	16	32	0
15	0	248	144	32	16	1
15	0	64	160	64	16	0
15	0	64	176	64	16	1
15	0	192	224	32	16	0
2	0	288	560	16	16	teletransporter_11	0	1	21	from_1F_hole_2_west
2	0	304	560	16	16	teletransporter_12	0	1	21	from_1F_hole_2_east
15	0	248	192	32	16	0
8	0	208	381	tom	3	1	npc/tom	map
13	0	112	597	16	16	leave_cavern_sensor	0
7	0	352	197	battle_1_enemy_5	3	2	0	-1	_random	0	-1
10	0	344	288	16	8	battle_1_barrier	70	1
10	0	344	488	16	8	battle_2_barrier	70	1
7	0	160	357	enemy_3	3	2	0	-1	_random	0	-1
7	0	336	160	enemy	3	1	0	-1	_random	0	-1
7	0	352	88	enemy_4	3	1	0	-1	_random	0	-1
7	0	392	253	battle_1_enemy_3	3	2	0	-1	_random	0	-1
7	0	312	253	battle_1_enemy_4	3	2	0	-1	_random	0	-1
7	0	392	117	battle_1_enemy_2	3	2	0	-1	_random	0	-1
7	0	400	392	enemy_2	3	1	0	-1	_random	0	-1
7	0	304	392	enemy_5	3	1	0	-1	_random	0	-1
7	0	360	413	battle_2_enemy_2	3	2	0	-1	_random	0	-1
7	0	304	341	battle_2_enemy_3	3	2	0	-1	_random	0	-1
7	0	400	341	battle_2_enemy_4	3	2	0	-1	_random	0	-1
7	0	400	453	battle_2_enemy_5	3	2	0	-1	_random	0	-1
4	0	408	77	0	heart	1	-1
4	0	392	573	0	heart	1	-1
4	0	408	573	0	heart	1	-1
4	0	408	557	0	heart	1	-1
7	0	80	301	enemy_6	3	2	0	-1	_random	0	-1
12	0	344	264	16	8	custom_obstacle_5	0	1	1	1
12	0	288	312	128	8	custom_obstacle_4	0	1	1	1
12	0	128	480	72	8	custom_obstacle_6	0	1	0	1
12	0	288	464	128	8	custom_obstacle_7	0	1	1	1
12	0	168	64	8	32	custom_obstacle_8	0	1	1	0
19	0	128	88	stairs_1	1	4
19	0	72	464	stairs_2	1	1
19	0	72	368	stairs_3	3	1
1	0	112	589	from_outside	1	0
19	0	160	160	stairs_4	3	3
0	1	200	592	64	8	180
0	1	200	560	64	32	2
0	1	40	600	400	24	52
0	1	40	16	400	24	49
0	1	40	392	48	24	52
0	1	64	592	96	32	151
0	1	64	456	32	8	311
0	1	96	592	32	8	312
0	1	40	432	48	24	49
0	1	80	432	24	24	56
0	1	64	384	32	8	312
0	1	72	384	16	8	349
0	1	112	40	64	48	2
0	1	112	40	64	8	179
0	1	136	24	16	16	251
0	1	152	24	8	16	301
0	1	128	24	8	16	304
0	1	112	40	8	8	69
0	1	112	80	8	8	69
0	1	168	40	8	8	69
0	1	168	80	8	8	69
0	1	112	48	8	32	71
0	1	168	48	8	32	71
0	1	120	80	32	8	363
0	1	152	80	8	8	69
0	1	160	80	8	8	70
0	1	16	16	24	24	45
0	1	16	40	24	352	51
0	1	16	392	24	24	47
0	1	80	408	24	32	51
0	1	16	432	24	24	45
0	1	16	456	24	144	51
0	1	16	600	24	24	47
0	1	440	600	24	24	48
0	1	440	40	24	560	50
0	1	440	16	24	24	46
0	1	200	576	8	8	69
0	1	200	584	8	8	71
0	1	200	592	8	8	69
0	1	200	552	8	8	69
0	1	208	552	48	8	70
0	1	256	552	8	8	69
0	1	256	560	8	32	71
0	1	256	592	8	8	69
0	1	232	600	16	16	252
0	1	224	600	8	16	303
0	1	248	600	8	16	302
0	1	80	392	24	24	54
0	1	232	616	16	16	2
0	1	232	624	16	8	70
12	1	144	80	8	32	custom_obstacle_3	1	1	1	1
12	1	120	80	8	32	custom_obstacle_2	1	1	1	1
1	1	144	37	from_B1_north_stairs	3	0
2	1	136	24	16	16	to_B1_north_stairs	0	1	21	from_1F_north_stairs
1	1	240	613	from_B1_final_stairs	1	0
6	1	192	560	8	16	jump_sensor	4	40
2	1	232	600	16	16	teletransporter	0	1	21	from_1F_final_stairs
3	1	232	573	heart_container	1	37
19	1	232	600	stairs_5	3	1
19	1	136	24	stairs_6	1	1
0	2	192	616	96	8	148
0	2	96	16	96	8	147
0	2	0	0	480	16	170
0	2	0	624	480	16	170
0	2	0	16	16	608	170
0	2	464	16	16	608	170
0	2	16	416	64	16	170
0	2	224	616	32	8	310
0	2	72	456	16	8	347
0	2	232	616	16	8	349
0	2	128	16	32	8	309
0	2	136	16	16	8	347
0	2	304	288	16	16	284
0	2	384	288	16	16	284
