520	496	-1	-100	1968	2696	-1	15	light_world_dungeon.spc
0	0	72	352	64	80	537
0	0	392	352	64	80	537
0	0	344	64	112	64	537
0	0	72	64	112	64	537
0	0	72	128	384	224	537
0	0	104	424	32	8	312
0	0	392	424	32	8	312
0	0	136	352	256	8	312
0	0	152	360	224	24	234
0	0	368	376	24	64	235
0	0	136	376	24	64	233
0	0	328	40	96	24	232
0	0	312	56	24	48	235
0	0	208	96	112	24	232
0	0	192	56	24	48	233
0	0	104	40	96	24	232
0	0	192	40	24	24	58
0	0	184	64	8	8	308
0	0	192	96	24	24	67
0	0	312	96	24	24	68
0	0	312	40	24	24	57
0	0	184	120	8	8	316
0	0	336	120	8	8	315
0	0	336	64	8	8	307
0	0	192	120	144	8	311
0	0	184	72	8	48	314
0	0	336	72	8	48	313
0	0	104	64	80	8	311
0	0	344	64	80	8	311
0	0	256	104	16	24	290
0	0	248	104	8	24	288
0	0	272	104	8	24	289
0	0	88	64	16	16	648
0	0	80	72	16	16	648
0	0	72	80	16	16	648
0	0	88	48	16	16	647
0	0	72	64	16	16	647
0	0	56	80	16	16	647
0	0	48	96	24	304	235
0	0	72	96	8	304	313
0	0	424	64	16	16	639
0	0	432	72	16	16	639
0	0	440	80	16	16	639
0	0	424	48	16	16	640
0	0	440	64	16	16	640
0	0	456	80	16	16	640
0	0	456	96	24	304	233
0	0	448	96	8	304	314
0	0	440	400	16	16	655
0	0	432	408	16	16	655
0	0	424	416	16	16	655
0	0	456	400	16	16	656
0	0	440	416	16	16	656
0	0	424	432	16	16	656
0	0	72	400	16	16	653
0	0	80	408	16	16	653
0	0	88	416	16	16	653
0	0	56	400	16	16	652
0	0	72	416	16	16	652
0	0	88	432	16	16	652
0	0	104	432	32	24	234
0	0	392	432	32	24	234
0	0	136	432	24	24	60
0	0	368	432	24	24	59
0	0	136	360	24	24	65
0	0	368	360	24	24	66
0	0	168	352	8	24	300
0	0	176	352	16	24	302
0	0	192	352	8	24	301
0	0	328	352	8	24	300
0	0	336	352	16	24	302
0	0	352	352	8	24	301
0	0	128	352	8	8	317
0	0	392	352	8	8	318
0	0	392	424	8	8	310
0	0	128	424	8	8	309
0	0	128	360	8	64	314
0	0	392	360	8	64	313
0	0	200	144	128	192	3
0	0	216	160	32	32	323
0	0	280	160	32	32	323
0	0	280	224	32	32	323
0	0	280	288	32	32	323
0	0	216	224	32	32	323
0	0	216	288	32	32	323
0	0	360	72	64	64	3
0	0	360	120	16	16	276
0	0	408	120	16	16	276
0	0	104	72	64	64	3
0	0	104	120	16	16	276
0	0	152	120	16	16	276
19	0	256	104	stairs	1	4
19	0	176	360	stairs_2	3	4
19	0	336	360	stairs_3	3	4
0	1	104	456	320	24	52
0	1	168	384	192	64	529
0	1	264	424	32	24	401
0	1	232	424	32	24	399
0	1	160	448	64	8	236
0	1	304	448	64	8	236
0	1	216	48	96	48	529
0	1	104	16	320	24	49
0	1	248	24	8	16	72
0	1	272	24	8	16	73
0	1	256	24	16	16	189
0	1	216	16	32	24	345
0	1	280	16	32	24	345
0	1	216	40	8	8	69
0	1	304	40	8	8	69
0	1	304	88	8	8	69
0	1	216	88	8	8	69
0	1	240	88	8	8	69
0	1	280	88	8	8	69
0	1	224	88	16	8	70
0	1	288	88	16	8	70
0	1	216	48	8	40	71
0	1	304	48	8	40	71
0	1	224	40	80	8	179
0	1	248	96	32	8	287
0	1	88	32	16	16	645
0	1	72	48	16	16	645
0	1	56	64	16	16	645
0	1	40	80	16	16	645
0	1	24	96	24	304	51
0	1	424	32	16	16	642
0	1	440	48	16	16	642
0	1	456	64	16	16	642
0	1	472	80	16	16	642
0	1	480	96	24	304	50
0	1	472	400	16	16	658
0	1	456	416	16	16	658
0	1	440	432	16	16	658
0	1	424	448	16	16	658
0	1	40	400	16	16	650
0	1	56	416	16	16	650
0	1	72	432	16	16	650
0	1	88	448	16	16	650
0	1	160	384	8	8	69
0	1	160	448	8	8	69
0	1	360	384	8	8	69
0	1	360	448	8	8	69
0	1	160	392	8	56	71
0	1	360	392	8	56	71
0	1	224	448	24	24	330
0	1	280	448	24	24	331
0	1	248	456	8	16	334
0	1	272	456	8	16	335
0	1	256	456	16	16	336
0	1	248	432	32	24	329
0	1	224	416	8	32	400
0	1	296	416	8	32	400
0	1	232	416	64	8	400
0	1	168	376	32	8	299
0	1	328	376	32	8	299
0	1	120	48	8	16	72
0	1	144	48	8	16	73
0	1	128	48	16	16	190
0	1	376	48	8	16	72
0	1	400	48	8	16	73
0	1	384	48	16	16	190
0	1	32	128	16	32	340
0	1	32	224	16	32	340
0	1	32	320	16	32	340
0	1	480	320	16	32	338
0	1	480	128	16	32	338
0	1	480	224	16	32	338
0	1	256	472	16	32	529
0	1	248	480	8	16	71
0	1	272	480	8	16	71
0	1	256	496	16	8	70
6	1	200	376	128	8	jumper	2	40
12	1	168	376	8	8	custom_obstacle	1	1	1	1
12	1	192	376	8	8	custom_obstacle_2	1	1	1	1
12	1	328	376	8	8	custom_obstacle_3	1	1	1	1
12	1	352	376	8	8	custom_obstacle_4	1	1	1	1
12	1	248	96	8	8	custom_obstacle_5	1	1	1	1
12	1	272	96	8	8	custom_obstacle_6	1	1	1	1
0	2	224	472	80	8	626
0	2	440	0	32	48	170
0	2	472	0	48	80	170
0	2	440	448	32	48	170
0	2	472	416	48	80	170
0	2	0	0	56	80	170
0	2	0	416	56	80	170
0	2	56	448	32	48	170
0	2	56	0	32	48	170
0	2	88	0	352	16	170
0	2	248	16	32	8	429
0	2	256	16	16	8	433
0	2	88	16	16	16	644
0	2	72	32	16	16	644
0	2	56	48	16	16	644
0	2	40	64	16	16	644
0	2	24	80	16	16	644
0	2	424	16	16	16	643
0	2	440	32	16	16	643
0	2	456	48	16	16	643
0	2	472	64	16	16	643
0	2	488	80	16	16	643
0	2	488	400	16	16	659
0	2	472	416	16	16	659
0	2	456	432	16	16	659
0	2	440	448	16	16	659
0	2	424	464	16	16	659
0	2	24	400	16	16	649
0	2	40	416	16	16	649
0	2	56	432	16	16	649
0	2	72	448	16	16	649
0	2	88	464	16	16	649
0	2	224	472	24	8	332
0	2	280	472	24	8	333
0	2	120	40	32	8	429
0	2	128	40	16	8	435
0	2	376	40	32	8	429
0	2	384	40	16	8	435
0	2	0	80	24	336	170
0	2	88	480	352	16	170
0	2	504	80	16	336	170
