1152	1216	-1	0	296	976	-1	12	castle.spc
0	0	944	800	144	144	614
0	0	1024	880	48	48	567
0	0	736	224	160	96	614
0	0	608	64	320	160	614
0	0	1008	336	80	96	614
0	0	64	288	384	80	614
0	0	64	144	128	48	614
0	0	560	336	64	192	614
0	0	384	480	64	160	614
0	0	736	432	160	112	614
0	0	736	544	352	144	614
0	0	384	640	352	48	614
0	0	64	368	208	576	614
0	0	384	800	448	160	614
0	0	912	520	176	24	232
0	0	384	936	80	8	312
0	0	384	800	448	8	311
0	0	384	800	8	144	313
0	0	120	680	96	208	589
0	0	280	264	24	24	57
0	0	312	288	128	8	311
0	0	40	192	24	24	59
0	0	64	192	128	24	234
0	0	192	192	24	24	60
0	0	40	144	24	48	235
0	0	192	144	24	48	233
0	0	192	120	24	24	58
0	0	40	120	24	24	57
0	0	64	120	128	24	232
0	0	64	144	8	8	307
0	0	184	144	8	8	308
0	0	184	184	8	8	309
0	0	64	184	8	8	310
0	0	72	144	112	8	311
0	0	72	184	112	8	312
0	0	184	152	8	32	314
0	0	64	152	8	32	313
0	0	120	128	16	24	290
0	0	136	128	8	24	289
0	0	112	128	8	24	288
0	0	40	280	24	24	57
0	0	64	280	224	24	232
0	0	280	280	24	24	68
0	0	112	192	8	16	74
0	0	120	192	16	16	77
0	0	136	192	8	16	75
0	0	120	288	16	16	76
0	0	136	288	8	16	73
0	0	112	288	8	16	72
0	0	136	216	8	64	71
0	0	112	216	8	64	71
0	0	120	208	16	80	616
0	0	40	304	24	640	235
0	0	304	264	144	24	232
0	0	64	304	8	8	307
0	0	64	312	8	624	313
0	0	72	304	240	8	311
0	0	304	288	8	8	307
0	0	304	296	8	16	313
0	0	304	304	8	8	315
0	0	368	272	16	24	290
0	0	360	272	8	24	288
0	0	384	272	8	24	289
0	0	448	264	24	24	58
0	0	448	288	24	80	233
0	0	440	288	8	8	308
0	0	440	296	8	64	314
0	0	440	360	8	8	309
0	0	448	368	24	24	60
0	0	288	368	160	24	234
0	0	272	384	24	560	233
0	0	272	368	24	24	65
0	0	264	360	176	8	312
0	0	360	456	24	24	57
0	0	448	456	24	24	58
0	0	384	456	64	24	232
0	0	448	480	24	144	233
0	0	360	480	24	208	235
0	0	384	480	8	8	307
0	0	392	480	48	8	311
0	0	440	480	8	8	308
0	0	440	488	8	160	314
0	0	384	488	8	192	313
0	0	536	312	24	24	57
0	0	624	312	24	24	58
0	0	560	312	64	24	232
0	0	624	336	24	192	233
0	0	536	336	24	192	235
0	0	560	336	8	8	307
0	0	568	336	48	8	311
0	0	616	336	8	8	308
0	0	616	344	8	176	314
0	0	560	344	8	176	313
0	0	544	512	16	8	80
0	0	544	496	16	16	82
0	0	544	488	16	8	78
0	0	448	488	16	8	79
0	0	448	496	16	16	83
0	0	448	512	16	8	81
0	0	464	496	80	16	616
0	0	472	488	64	8	70
0	0	472	512	64	8	70
0	0	536	528	24	24	59
0	0	616	520	8	8	309
0	0	624	528	24	24	60
0	0	560	528	64	24	234
0	0	560	520	8	8	310
0	0	568	520	48	8	312
0	0	464	616	256	24	232
0	0	448	616	24	24	67
0	0	200	384	24	208	235
0	0	112	384	24	208	233
0	0	128	368	80	24	234
0	0	128	584	80	24	232
0	0	200	368	24	24	66
0	0	200	584	24	24	68
0	0	112	584	24	24	67
0	0	112	368	24	24	65
0	0	264	360	8	576	314
0	0	264	360	8	8	317
0	0	112	360	112	8	312
0	0	112	608	112	8	311
0	0	224	368	8	240	313
0	0	104	368	8	240	314
0	0	104	360	8	8	317
0	0	224	360	8	8	318
0	0	224	608	8	8	315
0	0	104	608	8	8	316
0	0	360	688	24	24	59
0	0	384	688	704	24	234
0	0	384	680	8	8	310
0	0	392	680	688	8	312
0	0	440	640	304	8	311
0	0	440	640	8	8	316
0	0	272	944	24	24	60
0	0	40	944	24	24	59
0	0	64	944	208	24	234
0	0	264	936	8	8	309
0	0	64	936	8	8	310
0	0	72	936	192	8	312
0	0	360	776	24	24	57
0	0	360	944	24	24	59
0	0	360	800	24	144	235
0	0	368	880	16	8	80
0	0	368	864	16	16	82
0	0	368	856	16	8	78
0	0	272	856	16	8	79
0	0	272	864	16	16	83
0	0	272	880	16	8	81
0	0	288	864	80	16	616
0	0	296	856	64	8	70
0	0	296	880	64	8	70
0	0	384	944	64	24	234
0	0	384	776	512	24	232
0	0	160	720	16	16	546
0	0	176	720	8	16	548
0	0	152	720	8	16	547
0	0	152	712	32	8	544
0	0	152	736	32	8	549
0	0	160	832	16	16	546
0	0	176	832	8	16	548
0	0	152	832	8	16	547
0	0	152	824	32	8	544
0	0	152	848	32	8	549
0	0	112	888	112	8	567
0	0	112	672	112	8	567
0	0	112	680	8	208	567
0	0	216	680	8	208	567
0	0	440	960	24	24	59
0	0	440	944	24	24	66
0	0	464	960	288	24	234
0	0	384	800	8	8	307
0	0	384	936	8	8	310
0	0	464	944	8	16	313
0	0	464	936	8	8	318
0	0	464	952	288	8	312
0	0	464	952	8	8	310
0	0	752	936	80	8	312
0	0	768	944	64	24	234
0	0	752	960	24	24	60
0	0	752	944	24	24	65
0	0	744	944	8	16	314
0	0	744	936	8	8	317
0	0	744	952	8	8	309
0	0	600	952	16	24	302
0	0	616	952	8	24	301
0	0	592	952	8	24	300
0	0	832	944	24	24	60
0	0	832	776	24	24	58
0	0	832	800	24	144	233
0	0	824	800	8	144	314
0	0	824	800	8	8	308
0	0	824	936	8	8	309
0	0	1088	944	24	24	60
0	0	1088	776	24	24	58
0	0	1088	800	24	144	233
0	0	1080	808	8	128	314
0	0	1080	800	8	8	308
0	0	1080	936	8	8	309
0	0	944	808	8	128	313
0	0	920	776	24	24	57
0	0	920	944	24	24	59
0	0	920	800	24	144	235
0	0	928	880	16	8	80
0	0	928	864	16	16	82
0	0	928	856	16	8	78
0	0	944	800	8	8	307
0	0	944	936	8	8	310
0	0	944	776	144	24	232
0	0	944	944	144	24	234
0	0	952	800	128	8	311
0	0	952	936	128	8	312
0	0	832	856	16	8	79
0	0	832	864	16	16	83
0	0	832	880	16	8	81
0	0	848	864	80	16	616
0	0	856	856	64	8	70
0	0	856	880	64	8	70
0	0	560	800	96	96	589
0	0	576	896	64	16	589
0	0	640	896	24	8	567
0	0	656	800	8	96	567
0	0	552	896	24	8	567
0	0	552	800	8	96	567
0	0	568	904	8	16	567
0	0	576	912	64	8	567
0	0	640	904	8	16	567
0	0	1056	784	8	16	73
0	0	1032	784	8	16	72
0	0	1040	784	16	16	190
0	0	1088	432	24	24	60
0	0	1088	312	24	24	58
0	0	1088	336	24	96	233
0	0	1080	344	8	80	314
0	0	1080	336	8	8	308
0	0	1080	424	8	8	309
0	0	1008	344	8	80	313
0	0	984	312	24	24	57
0	0	984	432	24	24	59
0	0	984	336	24	96	235
0	0	1008	336	8	8	307
0	0	1008	424	8	8	310
0	0	1008	312	80	24	232
0	0	1008	432	80	24	234
0	0	1016	336	64	8	311
0	0	1016	424	64	8	312
0	0	1032	432	8	16	74
0	0	1040	432	16	16	77
0	0	1056	432	8	16	75
0	0	1040	528	16	16	76
0	0	1056	528	8	16	73
0	0	1032	528	8	16	72
0	0	1056	456	8	64	71
0	0	1032	456	8	64	71
0	0	1040	448	16	80	616
0	0	712	408	24	24	57
0	0	896	408	24	24	58
0	0	720	408	176	24	232
0	0	736	432	8	8	307
0	0	744	432	144	8	311
0	0	888	432	8	8	308
0	0	712	432	24	192	235
0	0	712	616	24	24	68
0	0	1088	688	24	24	60
0	0	1088	520	24	24	58
0	0	896	432	24	96	233
0	0	896	520	24	24	67
0	0	736	440	8	208	313
0	0	736	640	8	8	315
0	0	888	440	8	112	314
0	0	1080	544	8	8	308
0	0	1088	544	24	144	233
0	0	1080	680	8	8	309
0	0	1080	552	8	128	314
0	0	888	544	192	8	311
0	0	888	544	8	8	316
0	0	368	584	16	8	80
0	0	368	568	16	16	82
0	0	368	560	16	8	78
0	0	272	560	16	8	79
0	0	272	568	16	16	83
0	0	272	584	16	8	81
0	0	288	568	80	16	616
0	0	296	560	64	8	70
0	0	296	584	64	8	70
0	0	896	320	24	24	60
0	0	896	240	24	80	233
0	0	888	216	8	96	314
0	0	888	312	8	8	309
0	0	736	216	8	96	313
0	0	712	320	24	24	59
0	0	712	240	24	80	235
0	0	736	312	8	8	310
0	0	736	320	160	24	234
0	0	744	312	144	8	312
0	0	800	320	8	16	74
0	0	808	320	16	16	77
0	0	824	320	8	16	75
0	0	584	224	24	24	59
0	0	608	224	112	24	234
0	0	712	224	24	24	66
0	0	928	224	24	24	60
0	0	912	224	16	24	234
0	0	896	224	24	24	65
0	0	928	64	24	160	233
0	0	928	40	24	24	58
0	0	584	40	24	24	57
0	0	608	40	320	24	232
0	0	584	64	24	160	235
0	0	608	72	8	144	313
0	0	608	216	8	8	310
0	0	616	216	128	8	312
0	0	736	216	8	8	318
0	0	608	64	8	8	307
0	0	920	64	8	8	308
0	0	920	216	8	8	309
0	0	888	216	32	8	312
0	0	888	216	8	8	317
0	0	920	72	8	144	314
0	0	616	64	304	8	311
0	0	920	136	24	16	294
0	0	920	128	24	8	292
0	0	920	152	24	8	293
0	0	808	416	16	16	76
0	0	824	416	8	16	73
0	0	800	416	8	16	72
0	0	824	344	8	64	71
0	0	800	344	8	64	71
0	0	808	336	16	80	616
0	0	512	896	16	16	277
0	0	688	896	16	16	277
0	0	688	832	16	16	277
0	0	512	832	16	16	277
0	0	1016	640	16	16	277
0	0	864	616	16	16	276
0	0	864	528	16	16	276
0	0	864	448	16	16	276
0	0	752	448	16	16	276
0	0	752	528	16	16	276
0	0	752	616	16	16	276
0	0	784	440	8	240	567
0	0	792	440	48	240	589
0	0	840	440	8	240	567
0	0	784	120	8	192	567
0	0	792	168	48	144	589
0	0	840	168	8	144	567
0	0	848	168	72	8	567
0	0	896	192	16	16	276
0	0	792	120	128	48	589
0	0	784	112	136	8	567
0	0	896	80	16	16	276
0	0	640	176	16	16	546
0	0	656	176	8	16	548
0	0	632	168	32	8	544
0	0	632	176	8	16	547
0	0	632	192	32	8	549
0	0	640	96	16	16	546
0	0	656	96	8	16	548
0	0	632	88	32	8	544
0	0	632	96	8	16	547
0	0	632	112	32	8	549
0	0	1032	888	32	32	589
1	0	1048	797	from_b1_se	3	0
19	0	120	128	stairs_10	1	4
19	0	368	272	stairs_2	1	4
19	0	600	960	stairs_3	3	4
19	0	928	136	stairs_4	0	4
2	0	1040	784	16	16	teletransporter_2	0	1	88	from_1f_se
19	0	1040	784	stairs_5	1	1
18	0	112	288	door	1	0	-1
18	0	112	192	door_2	3	0	-1
8	0	608	869	interactive_entity	3	1	npc/castle_guard	dialog#castle.welcome
8	0	824	877	forbidden_door_npc	2	1	npc/castle_guard	map
18	0	272	560	door_3	0	0	-1
18	0	368	560	door_4	2	0	-1
8	0	152	621	interactive_entity_4	3	1	npc/static_villager3	dialog#castle.npc_1
8	0	416	325	npc	3	1	npc/castle_guard	dialog#castle.where_is_tom
8	0	184	797	walking_npc_2	3	1	npc/newlink3	dialog#castle.npc_3
18	0	800	416	door_5	1	0	-1
18	0	800	320	door_6	3	0	-1
13	0	808	877	16	16	forbidden_door_sensor	0
0	1	440	984	336	192	613
0	1	952	40	160	208	613
0	1	40	40	176	80	613
0	1	280	40	240	224	613
0	1	768	336	96	8	564
0	1	768	408	96	8	563
0	1	952	240	160	8	236
0	1	952	40	160	8	179
0	1	1000	776	96	8	563
0	1	560	1056	96	112	643
0	1	360	824	8	96	565
0	1	288	824	8	96	566
0	1	536	448	8	96	565
0	1	464	464	8	96	566
0	1	472	240	48	8	236
0	1	80	208	96	8	564
0	1	80	280	96	8	563
0	1	16	16	24	24	45
0	1	40	16	176	24	49
0	1	216	16	24	24	46
0	1	16	40	24	176	51
0	1	16	216	24	24	47
0	1	40	216	176	24	52
0	1	216	216	24	24	48
0	1	216	40	24	176	50
0	1	40	40	8	80	237
0	1	208	40	8	80	238
0	1	208	40	8	8	15
0	1	40	40	8	8	14
0	1	48	40	160	8	179
0	1	136	24	8	16	73
0	1	112	24	8	16	72
0	1	120	24	16	16	189
0	1	64	80	16	16	277
0	1	176	80	16	16	277
0	1	96	16	16	32	341
0	1	144	16	16	32	341
0	1	176	16	32	24	607
0	1	48	16	32	24	607
0	1	96	48	8	48	567
0	1	152	48	8	48	567
0	1	104	88	48	8	567
0	1	104	48	48	40	589
0	1	112	120	32	8	287
0	1	64	112	8	8	69
0	1	40	112	8	8	69
0	1	48	112	16	8	70
0	1	208	112	8	8	69
0	1	184	112	8	8	69
0	1	192	112	16	8	70
0	1	16	256	24	24	45
0	1	40	256	224	24	49
0	1	256	40	24	224	51
0	1	256	256	24	24	56
0	1	16	280	24	688	51
0	1	112	280	32	8	553
0	1	112	208	32	8	554
0	1	256	16	24	24	45
0	1	280	16	240	24	49
0	1	360	264	32	8	287
0	1	280	40	8	224	237
0	1	512	40	8	208	238
0	1	512	40	8	8	15
0	1	280	40	8	8	14
0	1	288	40	224	8	179
0	1	344	48	8	152	567
0	1	448	48	8	152	567
0	1	352	48	96	152	589
0	1	408	24	8	16	73
0	1	384	24	8	16	72
0	1	392	24	16	16	189
0	1	344	16	32	24	607
0	1	296	16	32	32	341
0	1	424	16	32	24	607
0	1	360	64	16	16	276
0	1	360	96	16	16	276
0	1	360	128	16	16	276
0	1	360	160	16	16	276
0	1	424	64	16	16	276
0	1	424	96	16	16	276
0	1	424	128	16	16	276
0	1	424	160	16	16	276
0	1	344	200	112	8	567
0	1	472	16	32	32	341
0	1	520	16	24	24	46
0	1	520	40	24	208	50
0	1	472	264	24	128	50
0	1	488	248	32	24	52
0	1	472	248	24	24	53
0	1	520	248	24	24	48
0	1	512	240	8	8	17
0	1	464	248	8	16	238
0	1	464	240	8	8	241
0	1	296	408	24	560	50
0	1	336	456	24	256	51
0	1	472	392	24	24	48
0	1	312	392	160	24	52
0	1	296	392	24	24	53
0	1	512	288	24	24	45
0	1	512	312	24	240	51
0	1	336	432	24	24	45
0	1	360	432	112	24	49
0	1	472	432	24	24	46
0	1	472	456	24	144	50
0	1	536	288	112	24	49
0	1	648	288	24	24	46
0	1	648	312	24	240	50
0	1	464	488	8	32	163
0	1	536	488	8	32	162
0	1	512	552	24	24	47
0	1	648	552	24	24	48
0	1	536	552	112	24	52
0	1	488	592	208	24	49
0	1	472	592	24	24	55
0	1	136	408	24	160	50
0	1	176	408	24	160	51
0	1	152	560	32	24	49
0	1	152	392	32	24	52
0	1	136	560	24	24	55
0	1	176	392	24	24	54
0	1	136	392	24	24	53
0	1	176	560	24	24	56
0	1	280	256	8	8	69
0	1	304	256	8	8	69
0	1	288	256	16	8	70
0	1	440	256	8	8	69
0	1	464	256	8	8	69
0	1	448	256	16	8	70
0	1	336	712	24	24	47
0	1	360	712	752	24	52
0	1	336	752	24	24	45
0	1	360	752	560	24	49
0	1	336	776	24	192	51
0	1	336	968	24	24	47
0	1	360	968	64	24	52
0	1	416	984	24	192	51
0	1	416	1176	24	24	47
0	1	440	1176	336	24	52
0	1	416	968	24	24	54
0	1	296	968	24	24	48
0	1	16	968	24	24	47
0	1	40	968	256	24	52
0	1	288	856	8	32	163
0	1	360	856	8	32	162
0	1	776	984	24	192	50
0	1	776	1176	24	24	48
0	1	792	968	64	24	52
0	1	776	968	24	24	53
0	1	440	984	8	192	237
0	1	768	984	8	192	238
0	1	440	1168	336	8	236
0	1	768	1168	8	8	17
0	1	440	1168	8	8	16
0	1	600	1176	16	16	336
0	1	592	1176	8	16	334
0	1	616	1176	8	16	335
0	1	624	1168	24	24	331
0	1	568	1168	24	24	330
0	1	456	1176	32	24	609
0	1	728	1176	32	24	609
0	1	592	976	32	8	299
0	1	552	1056	8	112	567
0	1	576	1032	64	8	567
0	1	656	1056	8	112	567
0	1	592	1152	32	24	329
0	1	856	968	24	24	48
0	1	856	752	24	24	46
0	1	856	776	24	192	50
0	1	576	1040	64	16	643
0	1	552	1048	24	8	567
0	1	568	1032	8	16	567
0	1	640	1032	8	16	567
0	1	640	1048	24	8	567
0	1	512	1104	16	16	546
0	1	504	1120	32	8	549
0	1	528	1104	8	16	548
0	1	504	1104	8	16	547
0	1	504	1096	32	8	544
0	1	688	1104	16	16	546
0	1	680	1120	32	8	549
0	1	704	1104	8	16	548
0	1	680	1104	8	16	547
0	1	680	1096	32	8	544
0	1	464	1136	16	16	276
0	1	464	1072	16	16	276
0	1	520	1176	32	24	609
0	1	664	1176	32	24	609
0	1	568	1136	16	16	598
0	1	568	1080	16	16	598
0	1	632	1136	16	16	598
0	1	632	1080	16	16	598
0	1	464	1008	16	16	276
0	1	736	1072	16	16	276
0	1	736	1136	16	16	276
0	1	736	1008	16	16	276
0	1	1112	968	24	24	48
0	1	1112	752	24	24	46
0	1	1112	776	24	192	50
0	1	920	824	8	96	565
0	1	896	752	24	24	45
0	1	896	776	24	192	51
0	1	896	968	24	24	47
0	1	920	856	8	32	162
0	1	920	752	192	24	49
0	1	920	968	192	24	52
0	1	440	984	8	8	69
0	1	480	984	8	8	69
0	1	448	984	32	8	70
0	1	728	984	8	8	69
0	1	768	984	8	8	69
0	1	736	984	32	8	70
0	1	512	1040	16	16	546
0	1	504	1056	32	8	549
0	1	528	1040	8	16	548
0	1	504	1040	8	16	547
0	1	504	1032	32	8	544
0	1	688	1040	16	16	546
0	1	680	1056	32	8	549
0	1	704	1040	8	16	548
0	1	680	1040	8	16	547
0	1	680	1032	32	8	544
0	1	848	824	8	96	566
0	1	848	856	8	32	163
0	1	1032	776	32	8	551
0	1	1112	456	24	24	48
0	1	1112	288	24	24	46
0	1	1112	312	24	144	50
0	1	960	288	24	24	45
0	1	960	312	24	144	51
0	1	960	456	24	24	47
0	1	984	288	128	24	49
0	1	984	456	128	24	52
0	1	1000	448	96	8	564
0	1	1000	520	96	8	563
0	1	1032	520	32	8	553
0	1	1032	448	32	8	554
0	1	688	384	24	24	45
0	1	712	384	208	24	49
0	1	920	384	24	24	46
0	1	688	408	24	192	51
0	1	1112	712	24	24	48
0	1	1112	496	24	24	46
0	1	920	408	24	96	50
0	1	936	496	176	24	49
0	1	920	496	24	24	55
0	1	688	592	24	24	56
0	1	1112	520	24	192	50
0	1	360	528	8	96	565
0	1	288	528	8	96	566
0	1	288	560	8	32	163
0	1	360	560	8	32	162
0	1	920	344	24	24	48
0	1	920	264	24	80	50
0	1	688	264	24	80	51
0	1	688	344	24	24	47
0	1	712	344	208	24	52
0	1	768	336	96	8	564
0	1	800	336	32	8	554
0	1	560	248	24	24	47
0	1	584	248	112	24	52
0	1	560	16	24	24	45
0	1	560	40	24	208	51
0	1	584	16	528	24	49
0	1	1112	16	24	24	46
0	1	1112	40	24	208	50
0	1	1112	248	24	24	48
0	1	688	248	24	24	54
0	1	936	248	176	24	52
0	1	920	248	24	24	53
0	1	944	128	8	32	291
0	1	1104	40	8	208	238
0	1	1104	40	8	8	15
0	1	1104	240	8	8	17
0	1	952	40	8	8	69
0	1	952	64	8	8	69
0	1	952	48	8	16	71
0	1	952	216	8	8	69
0	1	952	240	8	8	69
0	1	952	224	8	16	71
0	1	1000	24	8	16	73
0	1	976	24	8	16	72
0	1	984	24	16	16	189
0	1	1080	24	8	16	73
0	1	1056	24	8	16	72
0	1	1064	24	16	16	190
0	1	1016	16	32	24	607
0	1	800	408	32	8	553
0	1	1000	88	16	16	276
0	1	1048	88	16	16	276
0	1	1000	136	16	16	276
0	1	1048	136	16	16	276
0	1	1000	184	16	16	276
0	1	1048	184	16	16	276
0	1	400	760	32	16	337
0	1	528	760	32	16	337
0	1	656	760	32	16	337
0	1	784	760	32	16	337
0	1	600	1192	16	32	613
0	1	592	1200	8	16	71
0	1	616	1200	8	16	71
0	1	600	1216	16	8	70
0	1	512	880	16	16	278
0	1	688	880	16	16	278
0	1	688	816	16	16	278
0	1	512	816	16	16	278
0	1	1016	624	16	16	278
12	1	112	120	8	32	custom_obstacle_9	1	1	1	1
12	1	136	120	8	32	custom_obstacle_2	1	1	1	1
6	1	72	120	40	8	jumper_9	6	40
6	1	144	120	40	8	jumper_2	6	40
12	1	360	264	8	32	custom_obstacle_3	1	1	1	1
12	1	384	264	8	32	custom_obstacle_4	1	1	1	1
6	1	312	264	48	8	jumper_3	6	40
6	1	392	264	48	8	jumper_4	6	40
12	1	616	952	8	32	custom_obstacle_5	1	1	1	1
12	1	592	952	8	32	custom_obstacle_6	1	1	1	1
6	1	488	976	104	8	jumper_5	2	40
6	1	624	976	104	8	jumper_6	2	40
12	1	920	128	32	8	custom_obstacle_7	1	1	1	1
12	1	920	152	32	8	custom_obstacle_8	1	1	1	1
1	1	608	1189	from_outside	1	0
2	1	600	1200	16	16	teletransporter_3	0	1	9	from_dungeon_5_1F
1	1	992	37	from_2f_e	3	0
1	1	1072	37	from_b1_ne	3	0
2	1	984	24	16	16	teletransporter_6	0	1	90	from_1f_e
19	1	984	24	stairs_6	1	0
6	1	944	72	8	56	jumper_7	4	40
6	1	944	160	8	56	jumper_8	4	40
2	1	1064	24	16	16	teletransporter_7	0	1	88	from_1f_ne
19	1	1064	24	stairs_9	1	1
8	1	400	61	interactive_entity_2	3	1	npc/castle_guard	dialog#castle.forbidden_stairs
8	1	400	213	walking_npc_1	3	1	npc/villager1	dialog#castle.npc_2
0	2	1048	16	64	8	559
0	2	952	16	64	8	559
0	2	576	1192	128	8	560
0	2	112	16	32	8	559
0	2	112	16	32	8	551
0	2	120	16	16	8	555
0	2	64	64	16	16	278
0	2	176	64	16	16	278
0	2	0	0	16	1216	170
0	2	16	0	1136	16	170
0	2	16	240	224	16	170
0	2	240	16	16	240	170
0	2	384	16	32	8	559
0	2	384	16	32	8	551
0	2	392	16	16	8	555
0	2	320	416	176	16	170
0	2	496	272	16	320	170
0	2	512	576	160	16	170
0	2	512	272	160	16	170
0	2	320	432	16	560	170
0	2	160	416	16	144	170
0	2	336	736	800	16	170
0	2	624	1192	24	8	333
0	2	568	1192	24	8	332
0	2	592	1192	32	8	153
0	2	16	1200	1136	16	170
0	2	568	1120	16	16	599
0	2	568	1064	16	16	599
0	2	632	1120	16	16	599
0	2	632	1064	16	16	599
0	2	16	992	400	208	170
0	2	800	992	336	208	170
0	2	880	752	16	240	170
0	2	1040	776	16	8	556
0	2	672	272	16	320	170
0	2	944	480	192	16	170
0	2	944	288	16	192	170
0	2	944	272	192	16	170
0	2	1136	16	16	1184	170
0	2	544	16	16	256	170
0	2	688	368	256	16	170
0	2	976	16	32	8	559
0	2	976	16	32	8	551
0	2	984	16	16	8	555
0	2	1056	16	32	8	559
0	2	1056	16	32	8	551
0	2	1064	16	16	8	556
