1104	1056	7	1	0	0	265	2	same
0	0	656	80	128	256	340
0	0	672	80	80	8	365
0	0	672	80	8	224	367
0	0	624	336	416	144	340
0	0	1032	336	8	144	368
0	0	672	80	8	224	367
0	0	232	792	608	224	303
0	0	752	56	24	24	58
0	0	752	80	24	32	233
0	0	752	112	24	24	60
0	0	736	128	24	80	233
0	0	736	112	24	24	65
0	0	784	200	24	24	58
0	0	752	200	32	24	232
0	0	736	200	24	24	67
0	0	1040	312	24	24	58
0	0	800	312	240	24	232
0	0	784	224	24	96	233
0	0	784	312	24	24	67
0	0	1040	336	24	144	233
0	0	1040	480	24	24	60
0	0	928	480	112	24	234
0	0	904	480	24	24	59
0	0	624	448	288	24	234
0	0	672	56	80	24	232
0	0	648	56	24	24	57
0	0	648	80	24	224	235
0	0	648	304	24	24	59
0	0	672	304	16	24	234
0	0	680	320	24	80	235
0	0	680	304	24	24	66
0	0	624	392	64	24	232
0	0	680	392	24	24	68
0	0	600	392	24	24	57
0	0	600	448	24	24	59
0	0	600	416	24	32	235
0	0	904	464	24	16	235
0	0	976	472	16	24	302
0	0	968	472	8	24	300
0	0	992	472	8	24	301
0	0	224	536	400	256	303
0	0	232	584	16	16	255
0	0	248	536	368	16	259
0	0	616	600	16	192	261
0	0	232	600	16	112	260
0	0	232	1000	16	16	258
0	0	248	1000	576	16	262
0	0	824	792	16	16	256
0	0	824	808	16	192	261
0	0	824	1000	16	16	257
0	0	632	792	192	16	259
0	0	616	792	16	16	264
0	0	656	88	24	16	298
0	0	656	104	24	8	297
0	0	736	224	48	8	365
0	0	784	336	256	8	365
0	0	624	416	80	8	365
0	0	624	440	304	8	366
0	0	928	472	112	8	366
0	0	672	296	32	8	366
0	0	736	104	16	8	366
0	0	744	80	8	32	368
0	0	728	112	8	112	368
0	0	776	224	8	112	368
0	0	928	448	8	32	367
0	0	624	416	8	32	367
0	0	904	448	24	24	66
0	0	704	304	8	112	367
0	0	624	440	8	8	364
0	0	744	80	8	8	362
0	0	672	80	8	8	361
0	0	656	80	24	8	296
0	0	744	104	8	8	363
0	0	1032	472	8	8	363
0	0	624	416	8	8	361
0	0	672	296	8	8	364
0	0	928	472	8	8	364
0	0	1032	336	8	8	362
0	0	928	440	8	8	372
0	0	704	296	8	8	372
0	0	704	416	8	8	369
0	0	776	336	8	8	370
0	0	728	104	8	8	371
0	0	232	808	16	16	258
0	0	232	888	16	16	255
0	0	232	952	16	16	260
0	0	248	888	48	16	259
0	0	296	824	16	112	260
0	0	296	936	16	16	263
0	0	296	808	16	16	266
0	0	432	936	144	16	259
0	0	248	584	48	16	259
0	0	312	584	64	16	259
0	0	392	584	64	16	259
0	0	496	584	64	16	259
0	0	576	584	32	16	259
0	0	616	584	16	16	256
0	0	696	840	64	16	259
0	0	232	936	16	16	255
0	0	248	936	48	16	259
0	0	232	712	16	16	258
0	0	248	712	32	16	262
0	0	280	728	16	80	260
0	0	280	808	16	16	258
0	0	280	712	16	16	266
19	0	976	480	stairs	3	4
19	0	656	88	stairs_2	2	4
0	1	336	608	16	64	553
0	1	464	808	96	16	552
0	1	424	960	304	16	552
0	1	424	752	96	16	552
0	1	792	880	48	48	2
0	1	368	280	64	256	2
0	1	208	888	24	128	51
0	1	40	56	368	160	2
0	1	40	56	8	160	237
0	1	40	104	32	32	355
0	1	24	584	144	432	2
0	1	160	648	8	368	238
0	1	40	280	256	240	2
0	1	696	632	144	96	2
0	1	504	184	80	144	2
0	1	144	280	24	96	51
0	1	456	512	176	24	49
0	1	872	32	192	24	49
0	1	944	40	16	16	190
0	1	600	520	16	16	190
0	1	1064	32	24	24	46
0	1	848	32	24	24	45
0	1	1064	56	24	192	50
0	1	1064	248	24	24	48
0	1	848	248	24	24	47
0	1	848	56	24	192	51
0	1	872	248	192	24	52
0	1	936	40	8	16	72
0	1	960	40	8	16	73
0	1	872	56	192	8	179
0	1	872	240	192	8	236
0	1	1056	56	8	192	238
0	1	872	56	8	192	237
0	1	1056	56	8	8	15
0	1	1056	240	8	8	17
0	1	872	240	8	8	16
0	1	872	56	8	8	14
0	1	880	64	176	176	2
0	1	872	56	48	16	577
0	1	888	72	32	48	577
0	1	920	88	16	64	577
0	1	904	120	48	16	577
0	1	936	136	32	32	577
0	1	888	168	32	48	577
0	1	936	184	48	32	577
0	1	984	136	32	32	577
0	1	1000	152	32	48	577
0	1	952	72	80	32	577
0	1	968	104	48	16	577
0	1	1000	216	64	32	577
0	1	968	232	32	16	577
0	1	872	232	32	16	577
0	1	1048	56	16	48	577
0	1	896	32	16	24	578
0	1	1024	32	16	24	578
0	1	896	248	16	24	579
0	1	1024	248	16	24	579
0	1	856	88	16	16	82
0	1	856	104	16	8	80
0	1	856	80	16	8	78
0	1	808	32	24	24	46
0	1	808	56	24	80	50
0	1	808	88	16	16	83
0	1	808	104	16	8	81
0	1	808	80	16	8	79
0	1	40	32	768	24	49
0	1	776	56	32	80	2
0	1	808	136	24	24	48
0	1	776	136	32	24	52
0	1	760	136	24	24	53
0	1	760	152	24	32	50
0	1	776	176	32	24	49
0	1	808	176	24	24	46
0	1	808	200	24	96	50
0	1	760	176	24	24	55
0	1	824	288	240	24	49
0	1	1064	288	24	24	46
0	1	1064	312	24	240	50
0	1	808	288	24	24	55
0	1	1064	552	24	24	48
0	1	968	552	96	24	52
0	1	880	488	24	240	51
0	1	504	472	384	24	52
0	1	880	472	24	24	54
0	1	480	472	24	24	47
0	1	480	368	24	24	45
0	1	480	392	24	80	51
0	1	504	368	160	24	49
0	1	424	120	208	24	52
0	1	472	160	112	24	49
0	1	488	168	16	16	190
0	1	552	168	16	16	190
0	1	624	136	24	192	51
0	1	624	328	24	24	47
0	1	648	328	16	24	52
0	1	656	344	24	32	51
0	1	656	368	24	24	56
0	1	656	328	24	24	54
0	1	624	120	24	24	54
0	1	584	160	24	24	46
0	1	584	184	24	144	50
0	1	584	328	24	24	48
0	1	448	160	24	24	45
0	1	448	184	24	32	51
0	1	480	328	24	24	47
0	1	504	328	80	24	52
0	1	504	168	8	16	73
0	1	568	168	8	16	73
0	1	480	168	8	16	72
0	1	544	168	8	16	72
0	1	16	32	24	24	45
0	1	16	56	24	160	51
0	1	528	200	16	104	533
0	1	448	216	24	24	47
0	1	472	216	16	24	52
0	1	480	232	24	96	51
0	1	480	216	24	24	54
0	1	408	136	24	80	50
0	1	408	216	24	24	48
0	1	408	120	24	24	53
0	1	40	216	368	24	52
0	1	16	216	24	24	47
0	1	440	256	24	24	46
0	1	336	256	24	24	45
0	1	360	256	80	24	49
0	1	440	280	24	240	50
0	1	440	512	24	24	55
0	1	632	512	24	24	46
0	1	672	512	24	24	45
0	1	696	512	144	24	49
0	1	840	512	24	24	46
0	1	720	520	16	16	189
0	1	800	520	16	16	189
0	1	672	536	24	32	51
0	1	840	536	24	32	50
0	1	672	568	24	24	47
0	1	696	568	144	24	52
0	1	840	568	24	24	48
0	1	672	608	24	24	45
0	1	696	608	144	24	49
0	1	840	608	24	24	46
0	1	720	616	16	16	189
0	1	800	616	16	16	189
0	1	672	632	24	96	51
0	1	840	632	24	96	50
0	1	672	728	24	24	47
0	1	696	728	144	24	52
0	1	840	728	24	24	48
0	1	760	648	16	56	533
0	1	736	616	8	16	73
0	1	712	616	8	16	72
0	1	816	616	8	16	73
0	1	792	616	8	16	72
0	1	736	520	8	16	73
0	1	712	520	8	16	72
0	1	816	520	8	16	73
0	1	792	520	8	16	72
0	1	632	536	24	240	50
0	1	616	520	8	16	73
0	1	592	520	8	16	72
0	1	544	376	16	16	189
0	1	560	376	8	16	73
0	1	536	376	8	16	72
0	1	392	264	16	16	189
0	1	408	264	8	16	73
0	1	384	264	8	16	72
0	1	648	768	192	24	49
0	1	840	768	24	24	46
0	1	632	768	24	24	55
0	1	840	792	24	224	50
0	1	840	1016	24	24	48
0	1	880	768	24	24	45
0	1	880	728	24	24	47
0	1	904	768	160	24	49
0	1	1064	768	24	24	46
0	1	880	792	24	224	51
0	1	880	1016	24	24	47
0	1	904	1016	160	24	52
0	1	1064	1016	24	24	48
0	1	1064	792	24	224	50
0	1	952	728	24	24	48
0	1	992	728	24	24	47
0	1	1064	728	24	24	48
0	1	1016	728	48	24	52
0	1	904	728	48	24	52
0	1	1064	592	24	24	46
0	1	1064	616	24	112	50
0	1	952	568	24	160	50
0	1	952	552	24	24	53
0	1	1016	592	48	24	49
0	1	992	592	24	24	45
0	1	992	616	24	112	51
0	1	968	496	32	8	299
0	1	1032	600	16	16	189
0	1	1048	600	8	16	73
0	1	1024	600	8	16	72
0	1	968	664	32	16	2
0	1	1032	744	16	32	2
0	1	976	680	16	8	70
0	1	976	656	16	8	70
0	1	1024	752	8	16	71
0	1	1048	752	8	16	71
0	1	952	664	16	16	83
0	1	1000	664	16	16	82
0	1	952	680	16	8	81
0	1	952	656	16	8	79
0	1	1000	656	16	8	78
0	1	1000	680	16	8	80
0	1	1032	776	16	16	76
0	1	1032	728	16	16	77
0	1	1024	728	8	16	74
0	1	1048	728	8	16	75
0	1	1048	776	8	16	73
0	1	1024	776	8	16	72
0	1	856	896	32	16	2
0	1	864	912	16	8	70
0	1	864	888	16	8	70
0	1	840	896	16	16	83
0	1	888	896	16	16	82
0	1	840	912	16	8	81
0	1	840	888	16	8	79
0	1	888	888	16	8	78
0	1	888	912	16	8	80
0	1	336	280	24	192	51
0	1	216	512	176	24	49
0	1	384	488	24	32	51
0	1	360	472	32	24	52
0	1	336	472	24	24	47
0	1	384	472	24	24	54
0	1	384	512	24	24	56
0	1	296	256	24	24	46
0	1	16	256	24	24	45
0	1	40	256	64	24	49
0	1	104	256	24	24	46
0	1	144	256	24	24	45
0	1	168	256	128	24	49
0	1	104	280	24	96	50
0	1	120	320	32	16	2
0	1	128	336	16	8	70
0	1	128	312	16	8	70
0	1	104	320	16	16	83
0	1	152	320	16	16	82
0	1	104	336	16	8	81
0	1	104	312	16	8	79
0	1	152	312	16	8	78
0	1	152	336	16	8	80
0	1	120	368	32	24	49
0	1	144	368	24	24	56
0	1	104	368	24	24	55
0	1	296	280	24	192	50
0	1	296	472	24	24	48
0	1	208	512	24	24	45
0	1	40	560	176	24	49
0	1	16	560	24	24	45
0	1	16	520	24	24	47
0	1	168	520	24	24	48
0	1	40	520	128	24	52
0	1	184	472	112	24	52
0	1	168	488	24	32	50
0	1	168	472	24	24	53
0	1	16	280	24	240	51
0	1	80	536	16	32	2
0	1	72	544	8	16	71
0	1	96	544	8	16	71
0	1	80	568	16	16	76
0	1	80	520	16	16	77
0	1	72	520	8	16	74
0	1	96	520	8	16	75
0	1	96	568	8	16	73
0	1	72	568	8	16	72
0	1	136	688	32	32	355
0	1	208	664	24	160	51
0	1	168	664	24	352	50
0	1	184	648	32	24	52
0	1	168	648	24	24	53
0	1	208	648	24	24	54
0	1	168	1016	24	24	48
0	1	208	1016	24	24	47
0	1	16	1016	24	24	47
0	1	40	1016	128	24	52
0	1	16	584	24	432	51
0	1	184	744	32	16	2
0	1	192	760	16	8	70
0	1	192	736	16	8	70
0	1	168	744	16	16	83
0	1	216	744	16	16	82
0	1	168	760	16	8	81
0	1	168	736	16	8	79
0	1	216	736	16	8	78
0	1	216	760	16	8	80
0	1	184	792	32	16	2
0	1	192	808	16	8	70
0	1	192	784	16	8	70
0	1	168	792	16	16	83
0	1	216	792	16	16	82
0	1	168	808	16	8	81
0	1	168	784	16	8	79
0	1	216	784	16	8	78
0	1	216	808	16	8	80
0	1	184	984	32	16	2
0	1	192	1000	16	8	70
0	1	192	976	16	8	70
0	1	168	984	16	16	83
0	1	216	984	16	16	82
0	1	168	1000	16	8	81
0	1	168	976	16	8	79
0	1	216	976	16	8	78
0	1	216	1000	16	8	80
0	1	232	1016	608	24	52
0	1	168	568	16	16	189
0	1	184	568	8	16	73
0	1	160	568	8	16	72
0	1	256	488	16	32	2
0	1	248	496	8	16	71
0	1	272	496	8	16	71
0	1	256	520	16	16	76
0	1	256	472	16	16	77
0	1	248	472	8	16	74
0	1	272	472	8	16	75
0	1	272	520	8	16	73
0	1	248	520	8	16	72
0	1	336	520	16	16	189
0	1	352	520	8	16	73
0	1	328	520	8	16	72
0	1	408	56	240	64	2
0	1	472	184	32	32	2
0	1	504	392	96	80	2
0	1	696	536	144	32	2
0	1	168	584	64	64	2
0	1	904	792	160	224	2
0	1	1016	616	48	112	2
0	1	904	552	48	176	2
0	1	904	504	160	48	2
0	1	40	56	608	8	179
0	1	776	56	32	8	179
0	1	472	184	112	8	179
0	1	360	280	80	8	179
0	1	504	392	96	8	179
0	1	168	280	128	8	179
0	1	40	280	64	8	179
0	1	40	584	192	8	179
0	1	696	632	144	8	179
0	1	696	536	144	8	179
0	1	904	792	160	8	179
0	1	1016	616	48	8	179
0	1	696	720	144	8	236
0	1	904	720	48	8	236
0	1	1016	720	48	8	236
0	1	904	1008	160	8	236
0	1	504	464	96	8	236
0	1	696	560	144	8	236
0	1	504	320	80	8	236
0	1	408	112	240	8	236
0	1	776	128	32	8	236
0	1	40	208	368	8	236
0	1	400	120	8	96	238
0	1	576	184	8	144	238
0	1	800	56	8	80	238
0	1	288	280	8	192	238
0	1	432	280	8	256	238
0	1	160	472	8	48	238
0	1	832	632	8	96	238
0	1	1056	504	8	48	238
0	1	1056	616	8	112	238
0	1	1056	792	8	224	238
0	1	904	792	8	224	237
0	1	904	504	8	224	237
0	1	696	632	8	96	237
0	1	696	536	8	32	237
0	1	504	392	8	80	237
0	1	360	280	8	192	237
0	1	408	472	8	64	237
0	1	472	184	8	32	237
0	1	504	216	8	112	237
0	1	360	464	48	8	236
0	1	472	208	32	8	236
0	1	168	280	8	112	237
0	1	40	280	8	240	237
0	1	40	584	8	432	237
0	1	40	1008	128	8	236
0	1	168	640	64	8	236
0	1	168	464	128	8	236
0	1	40	512	128	8	236
0	1	104	392	64	8	179
0	1	96	280	8	112	238
0	1	168	392	8	8	239
0	1	96	392	8	8	240
0	1	160	464	8	8	241
0	1	408	464	8	8	242
0	1	400	112	8	8	241
0	1	504	208	8	8	242
0	1	160	640	8	8	241
0	1	944	552	8	176	238
0	1	832	536	8	32	238
0	1	952	544	112	8	236
0	1	1016	616	8	112	237
0	1	944	544	8	8	241
0	1	360	464	8	8	16
0	1	504	464	8	8	16
0	1	472	208	8	8	16
0	1	504	320	8	8	16
0	1	696	560	8	8	16
0	1	696	720	8	8	16
0	1	1016	720	8	8	16
0	1	904	720	8	8	16
0	1	904	1008	8	8	16
0	1	40	1008	8	8	16
0	1	40	512	8	8	16
0	1	40	208	8	8	16
0	1	40	56	8	8	14
0	1	40	280	8	8	14
0	1	168	280	8	8	14
0	1	360	280	8	8	14
0	1	504	392	8	8	14
0	1	472	184	8	8	14
0	1	40	584	8	8	14
0	1	696	536	8	8	14
0	1	696	632	8	8	14
0	1	160	1008	8	8	17
0	1	832	720	8	8	17
0	1	832	560	8	8	17
0	1	288	464	8	8	17
0	1	160	512	8	8	17
0	1	400	208	8	8	17
0	1	96	280	8	8	15
0	1	288	280	8	8	15
0	1	432	280	8	8	15
0	1	576	184	8	8	15
0	1	576	320	8	8	17
0	1	800	128	8	8	17
0	1	832	536	8	8	15
0	1	832	632	8	8	15
0	1	1056	544	8	8	17
0	1	944	720	8	8	17
0	1	1056	720	8	8	17
0	1	1056	616	8	8	15
0	1	1056	792	8	8	15
0	1	1016	616	8	8	14
0	1	904	792	8	8	14
0	1	1056	1008	8	8	17
0	1	800	56	8	8	15
0	1	528	184	16	16	534
0	1	608	400	296	64	547
0	1	824	320	232	96	547
0	1	656	208	144	72	547
0	1	696	128	56	24	547
0	1	696	64	72	64	547
0	1	656	152	96	56	547
0	1	648	80	8	32	295
0	1	904	504	8	8	69
0	1	928	504	8	8	69
0	1	1032	504	8	8	69
0	1	1056	504	8	8	69
0	1	912	504	16	8	70
0	1	1040	504	16	8	70
0	1	640	56	8	8	69
0	1	640	72	8	8	69
0	1	640	64	8	8	71
0	1	824	88	32	16	2
0	1	832	104	16	8	70
0	1	832	80	16	8	70
0	1	144	688	16	8	247
0	1	136	696	8	16	248
0	1	144	712	16	8	249
0	1	160	696	8	16	250
0	1	160	688	8	8	244
0	1	136	688	8	8	243
0	1	136	712	8	8	246
0	1	160	712	8	8	245
0	1	48	104	16	8	247
0	1	40	112	8	16	248
0	1	48	128	16	8	249
0	1	64	112	8	16	250
0	1	64	104	8	8	244
0	1	40	104	8	8	243
0	1	40	128	8	8	246
0	1	64	128	8	8	245
0	1	760	632	16	16	534
0	1	720	744	16	32	2
0	1	712	752	8	16	71
0	1	736	752	8	16	71
0	1	720	776	16	16	76
0	1	720	728	16	16	77
0	1	712	728	8	16	74
0	1	736	728	8	16	75
0	1	736	776	8	16	73
0	1	712	776	8	16	72
0	1	760	704	16	24	535
0	1	528	304	16	24	535
0	1	208	824	24	24	47
0	1	208	864	24	24	45
0	1	232	864	48	24	49
0	1	232	824	48	24	52
0	1	272	840	24	32	51
0	1	272	824	24	24	54
0	1	272	864	24	24	56
0	1	248	872	16	16	189
0	1	264	872	8	16	73
0	1	240	872	8	16	72
0	1	40	856	8	8	69
0	1	48	856	112	8	70
0	1	160	856	8	8	69
0	1	232	968	48	48	2
0	1	256	984	16	16	560
0	1	256	976	16	8	561
0	1	256	1000	16	8	562
0	1	232	888	64	48	2
0	1	272	904	16	16	560
0	1	272	896	16	8	561
0	1	272	920	16	8	562
0	1	232	728	48	96	2
0	1	256	792	16	16	560
0	1	256	784	16	8	561
0	1	256	808	16	8	562
0	1	200	608	16	16	560
0	1	200	600	16	8	561
0	1	200	624	16	8	562
0	1	232	728	8	96	237
0	1	232	816	48	8	236
0	1	232	816	8	8	16
0	1	232	888	64	8	179
0	1	232	888	8	48	237
0	1	232	968	8	48	237
0	1	232	1008	48	8	236
0	1	232	1008	8	8	16
0	1	272	976	32	32	564
0	1	232	888	8	8	14
0	1	520	520	16	16	76
0	1	520	472	16	16	77
0	1	536	520	8	16	73
0	1	512	520	8	16	72
0	1	536	472	8	16	75
0	1	512	472	8	16	74
0	1	520	488	16	32	2
0	1	512	496	8	16	71
0	1	536	496	8	16	71
0	1	584	536	48	48	2
0	1	504	536	48	48	2
0	1	224	536	64	48	2
0	1	320	536	48	48	2
0	1	400	536	48	48	2
0	1	320	536	48	8	179
0	1	336	560	16	16	573
0	1	352	560	8	16	575
0	1	328	560	8	16	574
0	1	416	560	16	16	573
0	1	432	560	8	16	575
0	1	408	560	8	16	574
0	1	520	560	16	16	573
0	1	536	560	8	16	575
0	1	512	560	8	16	574
0	1	600	560	16	16	573
0	1	616	560	8	16	575
0	1	592	560	8	16	574
0	1	256	552	16	16	573
0	1	272	552	8	16	575
0	1	248	552	8	16	574
0	1	216	600	32	32	564
0	1	248	568	32	32	576
0	1	224	536	64	8	179
0	1	208	536	24	32	51
0	1	208	560	24	24	56
0	1	400	536	16	8	179
0	1	432	536	16	8	179
0	1	432	536	8	8	240
0	1	408	536	8	8	239
0	1	328	576	32	32	576
0	1	216	584	16	16	577
0	1	216	632	16	16	577
0	1	232	536	8	48	237
0	1	232	536	8	8	14
0	1	504	536	48	8	179
0	1	584	536	48	8	179
0	1	512	576	32	32	576
0	1	408	576	32	32	576
0	1	592	576	32	32	576
0	1	624	536	8	48	238
0	1	624	536	8	8	15
0	1	704	792	48	48	2
0	1	720	816	16	16	573
0	1	736	816	8	16	575
0	1	712	816	8	16	574
0	1	704	792	48	8	179
0	1	712	832	32	32	576
0	1	800	896	16	16	565
0	1	800	888	16	8	567
0	1	800	912	16	8	566
0	1	432	872	144	64	2
0	1	552	896	16	16	560
0	1	552	888	16	8	561
0	1	552	912	16	8	562
0	1	496	880	16	16	572
0	1	488	880	8	16	570
0	1	512	880	8	16	571
0	1	432	928	8	8	69
0	1	432	872	8	8	69
0	1	568	872	8	8	69
0	1	568	928	8	8	69
0	1	432	880	8	48	71
0	1	568	880	8	48	71
0	1	568	888	32	32	564
0	1	440	872	128	8	70
0	1	488	848	32	32	569
0	1	440	928	128	8	70
0	1	472	872	8	8	69
0	1	472	880	8	24	71
0	1	472	904	8	8	69
0	1	288	536	8	8	69
0	1	288	576	8	8	69
0	1	288	544	8	32	71
0	1	312	536	8	8	69
0	1	312	576	8	8	69
0	1	312	544	8	32	71
0	1	368	536	8	8	69
0	1	368	576	8	8	69
0	1	368	544	8	32	71
0	1	392	536	8	8	69
0	1	392	576	8	8	69
0	1	392	544	8	32	71
0	1	448	536	8	8	69
0	1	448	576	8	8	69
0	1	448	544	8	32	71
0	1	496	536	8	8	69
0	1	496	576	8	8	69
0	1	496	544	8	32	71
0	1	552	536	8	8	69
0	1	552	576	8	8	69
0	1	552	544	8	32	71
0	1	576	536	8	8	69
0	1	576	576	8	8	69
0	1	576	544	8	32	71
0	1	696	792	8	8	69
0	1	696	832	8	8	69
0	1	696	800	8	32	71
0	1	752	792	8	8	69
0	1	752	832	8	8	69
0	1	752	800	8	32	71
0	1	792	872	8	8	69
0	1	832	872	8	8	69
0	1	800	872	32	8	70
0	1	792	928	8	8	69
0	1	792	880	8	48	71
0	1	800	928	32	8	70
0	1	832	928	8	8	69
0	1	832	880	8	48	238
0	1	288	928	8	8	69
0	1	288	896	32	32	564
0	1	288	888	8	8	69
0	1	232	960	8	8	69
0	1	280	960	8	8	69
0	1	280	1008	8	8	69
0	1	240	960	40	8	70
0	1	240	928	48	8	70
0	1	232	928	8	8	69
0	1	280	968	8	8	71
0	1	232	728	8	8	69
0	1	304	792	16	16	552
0	1	320	792	16	16	549
0	1	320	808	16	176	553
0	1	304	984	16	16	552
0	1	320	984	16	16	550
0	1	248	608	48	16	552
0	1	256	600	16	48	553
0	1	256	648	16	16	551
0	1	256	744	16	16	560
0	1	256	736	16	8	561
0	1	256	760	16	8	562
0	1	272	736	32	32	564
0	1	272	728	8	8	69
0	1	240	728	32	8	70
0	1	304	744	16	16	552
0	1	272	784	32	32	564
0	1	232	768	48	16	577
0	1	296	608	16	16	549
0	1	272	648	208	16	552
0	1	296	624	16	80	553
0	1	296	696	16	16	551
0	1	312	696	32	16	552
0	1	320	904	32	16	552
0	1	344	712	16	192	553
0	1	344	696	16	16	549
0	1	344	904	16	16	550
0	1	768	888	32	32	568
0	1	480	648	16	16	549
0	1	480	728	16	16	551
0	1	496	728	96	16	552
0	1	592	728	16	16	549
0	1	592	744	16	32	553
0	1	592	776	16	16	550
0	1	512	776	80	16	552
0	1	496	784	16	64	553
0	1	496	776	16	16	548
0	1	408	768	16	192	553
0	1	336	672	16	16	551
0	1	352	672	32	16	552
0	1	376	672	16	16	549
0	1	392	984	224	16	552
0	1	616	984	16	16	550
0	1	616	856	16	128	553
0	1	616	840	16	16	549
0	1	568	840	48	16	552
0	1	552	840	16	16	551
0	1	552	824	16	16	553
0	1	416	608	16	16	553
0	1	416	624	16	16	551
0	1	448	808	16	16	551
0	1	448	632	16	176	553
0	1	448	624	16	16	549
0	1	552	808	16	16	549
0	1	432	624	16	16	552
0	1	376	984	16	16	551
0	1	408	960	16	16	551
0	1	720	960	16	16	550
0	1	520	608	16	144	553
0	1	408	752	16	16	548
0	1	520	752	16	16	550
0	1	336	720	96	16	552
0	1	440	688	160	16	552
0	1	600	608	16	80	553
0	1	600	688	16	16	550
0	1	424	688	16	16	548
0	1	320	744	16	16	550
0	1	424	704	16	16	553
0	1	424	720	16	16	550
0	1	320	728	16	16	553
0	1	320	720	16	16	548
0	1	376	688	16	304	553
0	1	480	664	16	64	553
0	1	600	896	176	16	552
0	1	720	864	16	96	553
12	1	968	496	8	8	custom_obstacle	1	1	1	1
12	1	992	496	8	8	custom_obstacle_2	1	1	1	1
11	1	48	784	code_switch_4	3	0	0
11	1	96	784	code_switch_7	3	0	0
11	1	144	784	code_switch_2	3	0	0
11	1	48	832	code_switch_6	3	0	0
11	1	96	832	code_switch_1	3	0	0
11	1	144	832	code_switch_8	3	0	0
11	1	96	880	code_switch_3	3	0	0
11	1	144	880	code_switch_5	3	0	0
12	1	648	80	8	8	custom_obstacle_3	1	1	1	1
12	1	648	104	8	8	custom_obstacle_4	1	1	1	1
12	1	688	144	8	8	custom_obstacle_5	1	1	1	1
12	1	688	64	8	16	custom_obstacle_6	1	1	1	1
12	1	656	144	16	8	custom_obstacle_7	1	1	1	1
12	1	656	280	16	8	custom_obstacle_8	1	1	1	1
12	1	784	280	16	8	custom_obstacle_9	1	1	1	1
12	1	816	320	8	16	custom_obstacle_10	1	1	1	1
12	1	904	448	8	16	custom_obstacle_11	1	1	1	1
12	1	688	392	16	8	custom_obstacle_12	1	1	1	1
12	1	816	392	8	8	custom_obstacle_13	1	1	1	1
12	1	904	416	8	8	custom_obstacle_14	1	1	1	1
12	1	1040	416	16	8	custom_obstacle_15	1	1	1	1
6	1	936	496	32	8	jumper	2	40
6	1	1000	496	32	8	jumper_2	2	40
6	1	688	80	8	64	jumper_3	4	16
6	1	672	144	16	8	jumper_4	2	16
6	1	672	280	112	8	jumper_5	6	16
6	1	816	336	8	56	jumper_6	4	16
6	1	704	392	112	8	jumper_7	2	16
6	1	912	416	128	8	jumper_8	2	16
6	1	904	424	8	24	jumper_9	0	16
5	1	760	200	chest	1	cane_of_somaria	1	608
1	1	952	53	from_1f_ne	3	0
1	1	496	181	from_1f_nc_1	3	0
1	1	560	181	from_1f_nc_2	3	0
1	1	608	533	from_1f_c	3	0
1	1	1040	613	from_3f_e	3	0
1	1	176	581	from_3f_c_1	3	0
1	1	344	533	from_3f_c_2	3	0
1	1	400	277	from_3f_c_3	3	0
1	1	552	389	from_3f_c_4	3	0
1	1	728	533	from_3f_c_5	3	0
1	1	808	533	from_3f_c_6	3	0
1	1	728	629	from_3f_c_7	3	0
1	1	808	629	from_3f_c_8	3	0
18	1	808	80	miniboss_door	0	0	-1
18	1	856	80	miniboss_door_2	2	0	-1
18	1	1024	776	door_f_2	1	0	-1
18	1	1024	728	door_f	3	0	-1
18	1	1000	656	door_e_2	2	0	-1
18	1	952	656	door_e	0	0	-1
18	1	712	776	door_d_2	1	0	-1
18	1	712	728	door_d	3	0	-1
18	1	72	568	door_a	1	0	-1
18	1	72	520	door_a_2	3	0	-1
18	1	248	520	door_c_2	1	0	-1
18	1	248	472	door_c	3	0	-1
18	1	104	312	door_b_2	0	0	-1
18	1	152	312	door_b	2	0	-1
1	1	256	885	from_3f_sw	3	0
5	1	448	880	chest_2	0	big_key	1	609
18	1	464	912	door	1	2	610
0	2	496	488	96	8	305
0	2	184	704	8	320	309
0	2	208	912	8	96	308
0	2	1008	768	64	8	304
0	2	1008	744	64	8	305
0	2	968	624	8	96	309
0	2	992	624	8	96	308
0	2	1008	592	64	8	304
0	2	496	368	96	8	304
0	2	480	512	160	8	304
0	2	824	64	8	64	309
0	2	848	64	8	64	308
0	2	912	32	96	8	304
0	2	936	32	32	8	152
0	2	944	32	16	8	273
0	2	848	80	8	32	160
0	2	824	80	8	32	161
0	2	464	160	128	8	304
0	2	480	160	32	8	152
0	2	544	160	32	8	152
0	2	488	160	16	8	273
0	2	552	160	16	8	273
0	2	688	608	160	8	304
0	2	688	512	160	8	304
0	2	712	608	32	8	152
0	2	720	608	16	8	271
0	2	792	608	32	8	152
0	2	800	608	16	8	271
0	2	712	512	32	8	152
0	2	720	512	16	8	271
0	2	792	512	32	8	152
0	2	800	512	16	8	271
0	2	592	512	32	8	152
0	2	600	512	16	8	273
0	2	536	368	32	8	152
0	2	544	368	16	8	271
0	2	352	256	96	8	304
0	2	384	256	32	8	152
0	2	392	256	16	8	271
0	2	1024	592	32	8	152
0	2	1032	592	16	8	271
0	2	968	656	8	32	161
0	2	992	656	8	32	160
0	2	1024	768	32	8	187
0	2	1024	744	32	8	188
0	2	856	856	8	96	309
0	2	880	856	8	96	308
0	2	856	888	8	32	161
0	2	880	888	8	32	160
0	2	120	288	8	64	309
0	2	144	288	8	64	308
0	2	120	312	8	32	161
0	2	144	312	8	32	160
0	2	48	560	160	8	304
0	2	48	536	64	8	305
0	2	72	560	32	8	187
0	2	72	536	32	8	188
0	2	184	736	8	32	161
0	2	208	736	8	32	160
0	2	184	784	8	32	161
0	2	208	784	8	32	160
0	2	184	976	8	32	161
0	2	208	976	8	32	160
0	2	208	704	8	128	308
0	2	192	672	16	368	170
0	2	128	256	16	112	170
0	2	320	256	16	240	170
0	2	432	160	16	80	170
0	2	608	160	16	192	170
0	2	464	256	16	240	170
0	2	432	144	192	16	170
0	2	480	352	176	16	170
0	2	464	496	416	16	170
0	2	192	496	192	16	170
0	2	192	512	16	32	170
0	2	672	592	192	16	170
0	2	656	512	16	240	170
0	2	864	512	16	528	170
0	2	656	752	432	16	170
0	2	976	576	112	16	170
0	2	976	592	16	160	170
0	2	1088	32	16	1008	170
0	2	784	160	48	16	170
0	2	832	32	16	240	170
0	2	832	272	256	16	170
0	2	16	240	464	16	170
0	2	0	32	16	1008	170
0	2	16	544	192	16	170
0	2	0	1040	1104	16	170
0	2	0	0	1104	32	170
0	2	160	560	32	8	152
0	2	168	560	16	8	271
0	2	208	512	160	8	304
0	2	224	488	64	8	305
0	2	248	512	32	8	187
0	2	248	488	32	8	188
0	2	328	512	32	8	152
0	2	336	512	16	8	271
0	2	688	768	96	8	304
0	2	688	744	96	8	305
0	2	712	768	32	8	187
0	2	712	744	32	8	188
0	2	208	848	64	16	170
0	2	240	864	32	8	152
0	2	248	864	16	8	271
0	2	512	512	32	8	187
0	2	512	488	32	8	188
