416	672	-1	-100	160	2680	-1	3	cave.spc
0	0	72	312	112	8	217
0	0	72	224	112	8	216
0	0	72	232	112	80	3
0	0	80	224	24	96	340
0	0	232	368	112	8	391
0	0	224	376	8	80	393
0	0	232	376	112	80	384
0	0	224	368	8	8	387
0	0	344	368	8	8	389
0	0	344	376	8	80	392
0	0	224	456	8	8	388
0	0	232	456	112	8	394
0	0	344	456	8	8	390
0	0	192	224	24	96	225
0	0	192	200	24	24	58
0	0	64	200	128	24	224
0	0	40	200	24	24	57
0	0	192	320	24	24	60
0	0	64	320	128	24	226
0	0	40	320	24	24	59
0	0	40	224	24	96	227
0	0	64	224	8	8	212
0	0	64	312	8	8	214
0	0	184	312	8	8	215
0	0	184	224	8	8	213
0	0	184	232	8	80	219
0	0	64	232	8	80	218
0	0	48	256	16	8	289
0	0	48	280	16	8	292
0	0	120	208	16	24	359
0	0	112	208	8	24	361
0	0	136	208	8	24	362
0	0	184	288	24	16	273
0	0	184	304	24	8	272
0	0	184	280	24	8	271
0	0	352	368	24	96	225
0	0	352	344	24	24	58
0	0	224	344	128	24	224
0	0	200	344	24	24	57
0	0	352	464	24	24	60
0	0	224	464	128	24	226
0	0	200	464	24	24	59
0	0	200	368	24	96	227
0	0	280	352	16	24	359
0	0	272	352	8	24	361
0	0	296	352	8	24	362
0	0	208	408	24	16	358
0	0	208	400	24	8	356
0	0	208	424	24	8	357
0	0	40	504	24	24	57
0	0	160	504	24	24	58
0	0	64	504	96	24	224
0	0	160	528	24	80	225
0	0	160	608	24	24	60
0	0	64	608	96	24	226
0	0	40	528	24	80	227
0	0	40	608	24	24	59
0	0	64	528	8	8	212
0	0	72	528	80	8	216
0	0	64	536	8	64	218
0	0	72	536	80	64	3
0	0	64	600	8	8	214
0	0	152	528	8	8	213
0	0	152	600	8	8	215
0	0	72	600	80	8	217
0	0	152	536	8	64	219
0	0	152	576	24	16	273
0	0	152	592	24	8	272
0	0	152	568	24	8	271
0	0	104	512	16	24	359
0	0	96	512	8	24	361
0	0	120	512	8	24	362
0	0	48	264	16	16	295
0	0	0	264	48	16	3
0	0	0	256	40	8	70
0	0	0	280	40	8	70
0	0	80	224	8	8	328
0	0	88	224	8	8	332
0	0	96	224	8	8	331
0	0	96	232	8	80	335
0	0	80	232	8	80	333
0	0	80	312	8	8	329
0	0	88	312	8	8	334
0	0	96	312	8	8	330
19	0	120	208	stairs	1	4
19	0	192	288	stairs_2	0	4
19	0	280	352	stairs_4	1	4
19	0	208	408	stairs_3	2	4
19	0	160	576	stairs_6	0	4
19	0	104	512	stairs_5	1	4
2	0	-16	264	16	16	teletransporter_3	0	2	67	_side
0	1	184	488	192	144	2
0	1	184	624	192	8	180
0	1	216	248	160	96	2
0	1	40	344	160	160	2
0	1	216	248	160	8	179
0	1	48	40	320	160	2
0	1	40	224	8	96	417
0	1	40	120	8	80	181
0	1	16	96	24	24	45
0	1	32	80	24	24	45
0	1	48	64	24	24	45
0	1	64	48	24	24	45
0	1	80	32	24	24	45
0	1	96	16	24	24	45
0	1	120	16	176	24	49
0	1	16	120	24	512	51
0	1	120	40	8	8	14
0	1	104	56	8	8	14
0	1	88	72	8	8	14
0	1	72	88	8	8	14
0	1	56	104	8	8	14
0	1	96	32	24	24	56
0	1	80	48	24	24	56
0	1	64	64	24	24	56
0	1	48	80	24	24	56
0	1	32	96	24	24	56
0	1	40	120	8	8	14
0	1	128	40	160	8	179
0	1	120	48	8	16	181
0	1	104	64	8	16	181
0	1	88	80	8	16	181
0	1	72	96	8	16	181
0	1	56	112	8	16	181
0	1	48	120	16	8	179
0	1	64	104	16	8	179
0	1	80	88	16	8	179
0	1	96	72	16	8	179
0	1	112	56	16	8	179
0	1	56	120	8	8	185
0	1	72	104	8	8	185
0	1	88	88	8	8	185
0	1	104	72	8	8	185
0	1	120	56	8	8	185
0	1	192	24	8	16	304
0	1	216	24	8	16	301
0	1	200	24	16	16	293
0	1	296	16	24	24	46
0	1	312	32	24	24	46
0	1	328	48	24	24	46
0	1	344	64	24	24	46
0	1	360	80	24	24	46
0	1	376	96	24	24	46
0	1	376	120	24	64	50
0	1	296	32	24	24	55
0	1	312	48	24	24	55
0	1	328	64	24	24	55
0	1	344	80	24	24	55
0	1	360	96	24	24	55
0	1	368	128	8	48	182
0	1	368	120	8	8	15
0	1	352	104	8	8	15
0	1	336	88	8	8	15
0	1	320	72	8	8	15
0	1	304	56	8	8	15
0	1	288	40	8	8	15
0	1	288	48	8	16	182
0	1	304	64	8	16	182
0	1	320	80	8	16	182
0	1	336	96	8	16	182
0	1	352	112	8	16	182
0	1	352	120	16	8	179
0	1	336	104	16	8	179
0	1	320	88	16	8	179
0	1	304	72	16	8	179
0	1	288	56	16	8	179
0	1	288	56	8	8	186
0	1	304	72	8	8	186
0	1	320	88	8	8	186
0	1	336	104	8	8	186
0	1	352	120	8	8	186
0	1	376	184	24	24	48
0	1	216	176	160	8	180
0	1	232	184	144	24	52
0	1	368	176	8	8	17
0	1	376	224	24	24	46
0	1	232	224	144	24	49
0	1	216	200	24	32	50
0	1	216	184	24	24	53
0	1	216	224	24	24	55
0	1	376	248	24	384	50
0	1	368	248	8	96	182
0	1	368	248	8	8	15
0	1	208	176	8	8	183
0	1	40	256	8	32	307
0	1	112	200	32	8	363
0	1	208	280	8	32	354
0	1	208	184	8	16	182
0	1	272	344	32	8	363
0	1	200	400	8	32	267
0	1	40	344	8	160	181
0	1	368	488	8	144	182
0	1	200	488	48	24	52
0	1	200	528	48	24	49
0	1	240	504	24	32	51
0	1	184	504	24	32	50
0	1	240	488	24	24	54
0	1	240	528	24	24	56
0	1	184	488	24	24	53
0	1	184	528	24	24	55
0	1	264	488	8	64	181
0	1	184	552	80	8	179
0	1	184	480	16	8	180
0	1	176	488	8	16	182
0	1	176	480	8	8	183
0	1	264	552	8	8	185
0	1	16	632	24	24	47
0	1	376	632	24	24	48
0	1	40	632	336	24	52
0	1	176	568	8	32	354
0	1	368	624	8	8	17
0	1	184	600	8	8	69
0	1	184	624	8	8	69
0	1	264	488	8	8	69
0	1	368	488	8	8	69
0	1	272	488	24	8	70
0	1	184	608	8	16	71
0	1	96	504	32	8	363
0	1	40	496	8	8	69
0	1	88	496	8	8	69
0	1	128	496	8	8	69
0	1	176	496	8	8	69
0	1	48	496	40	8	70
0	1	136	496	40	8	70
0	1	40	344	8	8	69
0	1	192	344	8	8	69
0	1	96	344	8	8	69
0	1	136	344	8	8	69
0	1	48	344	48	8	70
0	1	144	344	48	8	70
0	1	192	392	8	8	69
0	1	192	432	8	8	69
0	1	192	480	8	8	69
0	1	192	440	8	40	71
0	1	192	352	8	40	71
0	1	296	488	8	8	69
0	1	336	488	8	8	69
0	1	344	488	24	8	70
0	1	216	312	8	8	69
0	1	216	336	8	8	69
0	1	264	336	8	8	69
0	1	304	336	8	8	69
0	1	368	336	8	8	69
0	1	216	248	8	8	69
0	1	216	272	8	8	69
0	1	216	256	8	16	71
0	1	216	320	8	16	71
0	1	224	336	40	8	70
0	1	312	336	56	8	70
0	1	40	192	8	8	69
0	1	64	192	8	8	69
0	1	184	192	8	8	69
0	1	208	192	8	8	69
0	1	48	192	16	8	70
0	1	192	192	16	8	70
0	1	200	-8	16	32	2
0	1	192	0	8	16	71
0	1	216	0	8	16	71
0	1	200	-8	16	8	70
0	1	176	48	64	40	385
0	1	168	48	8	40	407
0	1	168	88	80	8	407
0	1	240	48	8	40	407
0	1	280	632	16	16	351
0	1	272	632	8	16	303
0	1	296	632	8	16	302
1	1	288	621	from_outside	1	0
2	1	280	632	16	16	teletransporter_2	0	1	6	from_beaumont_cave
12	1	112	200	8	32	custom_obstacle	1	1	1	1
12	1	136	200	8	32	custom_obstacle_2	1	1	1	1
12	1	184	280	32	8	custom_obstacle_3	1	1	1	1
12	1	184	304	32	8	custom_obstacle_4	1	1	1	1
12	1	272	344	8	32	custom_obstacle_7	1	1	1	1
12	1	296	344	8	32	custom_obstacle_5	1	1	1	1
12	1	200	400	32	8	custom_obstacle_6	1	1	1	1
12	1	200	424	32	8	custom_obstacle_8	1	1	1	1
12	1	152	568	32	8	custom_obstacle_11	1	1	1	1
12	1	152	592	32	8	custom_obstacle_9	1	1	1	1
12	1	96	504	8	32	custom_obstacle_10	1	1	1	1
12	1	120	504	8	32	custom_obstacle_12	1	1	1	1
6	1	104	336	32	8	jump_sensor	2	40
6	1	304	480	32	8	jump_sensor_2	2	40
6	1	72	200	40	8	jump_sensor_3	6	40
6	1	144	200	40	8	jump_sensor_4	6	40
6	1	176	552	8	16	jump_sensor_5	4	40
19	1	280	632	stairs_7	3	2
1	1	208	37	from_dungeon_4	3	0
2	1	200	0	16	16	teletransporter	0	1	60	from_outside
0	2	240	648	96	8	412
0	2	160	16	96	8	411
0	2	16	80	16	16	170
0	2	16	48	32	32	170
0	2	48	48	16	16	170
0	2	80	16	16	16	170
0	2	16	16	64	32	170
0	2	0	0	416	16	170
0	2	0	16	16	656	170
0	2	192	16	32	8	309
0	2	368	48	32	32	170
0	2	336	16	64	32	170
0	2	320	16	16	16	170
0	2	352	48	16	16	170
0	2	384	80	16	16	170
0	2	240	208	160	16	170
0	2	400	16	16	656	170
0	2	208	512	32	16	170
0	2	16	656	384	16	170
0	2	272	648	32	8	310
0	2	280	648	16	8	347
