960	1008	0	-100	1120	1600	-1	1	overworld.spc
0	0	912	720	16	16	49
0	0	912	-16	64	96	447
0	0	928	64	32	624	129
0	0	864	736	96	272	49
0	0	928	688	32	64	447
0	0	896	720	16	16	49
0	0	240	-16	64	128	444
0	0	288	48	16	16	187
0	0	240	48	16	16	185
0	0	640	0	64	32	444
0	0	608	424	16	32	49
0	0	224	192	32	256	447
0	0	240	176	64	256	444
0	0	224	112	96	80	49
0	0	304	768	32	32	49
0	0	288	784	32	32	49
0	0	304	752	48	16	49
0	0	320	720	48	32	49
0	0	192	712	32	16	722
0	0	96	608	48	64	722
0	0	112	728	112	16	722
0	0	80	784	48	48	49
0	0	168	656	80	32	676
0	0	168	688	80	8	675
0	0	320	896	32	32	9
0	0	240	864	88	72	9
0	0	240	920	144	40	9
0	0	312	904	32	40	275
0	0	248	880	64	64	275
0	0	384	928	152	32	9
0	0	216	152	16	16	610
0	0	176	128	56	32	275
0	0	224	112	16	16	386
0	0	232	136	8	16	824
0	0	752	928	160	80	49
0	0	752	928	32	8	60
0	0	824	984	16	16	609
0	0	888	984	16	16	610
0	0	768	976	32	32	447
0	0	800	992	16	16	185
0	0	592	976	32	32	448
0	0	176	976	32	32	447
0	0	128	880	16	16	49
0	0	80	536	112	56	632
0	0	136	600	64	16	664
0	0	0	648	128	32	722
0	0	352	240	144	40	502
0	0	224	80	16	32	186
0	0	240	16	64	16	387
0	0	280	168	16	16	610
0	0	48	216	40	16	45
0	0	0	536	56	80	9
0	0	32	304	32	160	447
0	0	48	288	96	160	444
0	0	384	0	208	64	444
0	0	608	0	32	64	448
0	0	208	-16	32	128	447
0	0	240	184	64	8	194
0	0	328	112	8	48	125
0	0	304	176	32	256	448
0	0	144	0	32	448	448
0	0	0	272	32	160	444
0	0	704	0	64	64	447
0	0	648	904	16	16	271
0	0	128	800	176	32	49
0	0	336	704	48	16	49
0	0	352	688	48	16	49
0	0	368	656	48	32	49
0	0	384	608	48	48	49
0	0	392	592	16	16	49
0	0	424	624	16	16	49
0	0	416	496	32	16	49
0	0	408	512	48	112	49
0	0	64	992	16	16	49
0	0	80	912	48	96	49
0	0	96	880	32	32	49
0	0	104	872	16	16	49
0	0	120	824	32	64	49
0	0	-8	792	96	48	49
0	0	136	488	16	16	49
0	0	0	480	144	32	49
0	0	144	504	48	16	49
0	0	56	464	32	16	49
0	0	48	448	96	16	177
0	0	24	264	16	16	272
0	0	120	280	16	16	271
0	0	240	432	64	16	177
0	0	304	176	16	16	187
0	0	640	32	64	16	177
0	0	912	96	16	608	128
0	0	912	80	16	16	224
0	0	752	80	160	16	177
0	0	736	80	16	16	71
0	0	720	64	16	16	71
0	0	704	48	16	16	71
0	0	664	24	16	24	67
0	0	624	48	16	16	77
0	0	608	64	16	16	77
0	0	592	64	16	16	177
0	0	384	64	208	16	177
0	0	408	56	16	24	67
0	0	368	64	16	16	177
0	0	352	80	16	16	77
0	0	240	176	48	8	265
0	0	224	176	16	16	185
0	0	224	432	16	16	71
0	0	304	432	16	16	77
0	0	320	416	16	16	77
0	0	336	400	16	16	77
0	0	336	384	16	16	221
0	0	336	96	16	288	127
0	0	264	424	16	24	67
0	0	176	448	48	32	275
0	0	144	0	16	272	128
0	0	144	272	16	16	219
0	0	88	216	8	16	44
0	0	72	216	8	16	44
0	0	56	216	8	16	44
0	0	32	112	16	16	43
0	0	144	288	16	16	187
0	0	144	448	16	16	77
0	0	128	280	16	8	259
0	0	128	288	16	8	265
0	0	120	288	8	8	284
0	0	72	280	16	16	272
0	0	80	288	8	8	283
0	0	48	280	32	8	259
0	0	32	272	16	16	272
0	0	0	264	32	8	259
0	0	0	272	32	8	265
0	0	32	288	16	16	185
0	0	48	288	32	8	265
0	0	48	296	96	8	194
0	0	0	280	32	8	194
0	0	32	448	16	16	71
0	0	0	432	32	16	177
0	0	0	472	8	8	59
0	0	8	480	8	8	59
0	0	88	480	8	8	59
0	0	16	480	32	8	60
0	0	96	480	48	8	60
0	0	160	496	16	8	60
0	0	48	480	8	8	61
0	0	144	488	8	8	59
0	0	152	496	8	8	59
0	0	176	504	8	8	59
0	0	184	512	8	8	59
0	0	144	520	48	8	55
0	0	0	504	128	8	55
0	0	128	504	8	8	56
0	0	136	512	8	8	56
0	0	0	464	8	8	52
0	0	8	472	8	8	52
0	0	144	480	8	8	52
0	0	152	488	8	8	52
0	0	176	496	8	8	52
0	0	192	512	8	8	52
0	0	184	504	8	8	52
0	0	192	520	8	8	50
0	0	128	512	8	8	51
0	0	136	520	8	8	51
0	0	24	456	16	16	43
0	0	0	512	48	16	43
0	0	0	624	48	16	43
0	0	64	992	8	16	58
0	0	72	984	8	8	61
0	0	80	976	8	8	61
0	0	80	912	8	64	58
0	0	88	904	8	8	61
0	0	96	896	8	8	61
0	0	96	880	8	16	58
0	0	112	832	8	32	58
0	0	104	872	8	8	61
0	0	112	864	8	8	61
0	0	112	824	8	8	56
0	0	96	824	16	8	55
0	0	0	840	80	8	55
0	0	80	832	8	8	54
0	0	88	824	8	8	54
0	0	0	784	80	8	60
0	0	80	784	8	8	61
0	0	136	800	8	8	59
0	0	144	800	128	8	60
0	0	120	912	8	96	57
0	0	120	904	8	8	54
0	0	128	896	8	8	54
0	0	136	888	8	8	54
0	0	144	832	8	56	57
0	0	144	824	8	8	54
0	0	152	824	152	8	55
0	0	64	984	8	8	53
0	0	72	976	8	8	53
0	0	80	904	8	8	53
0	0	88	896	8	8	53
0	0	96	872	8	8	53
0	0	104	864	8	8	53
0	0	80	776	8	8	53
0	0	136	792	8	8	52
0	0	88	832	8	8	50
0	0	80	840	8	8	50
0	0	144	888	8	8	50
0	0	136	896	8	8	50
0	0	128	904	8	8	50
0	0	80	848	16	16	37
0	0	32	848	16	8	36
0	0	16	768	16	16	37
0	0	144	784	16	16	42
0	0	152	888	16	16	42
0	0	0	752	48	16	44
0	0	328	720	8	8	61
0	0	336	704	8	8	61
0	0	344	696	8	8	61
0	0	352	688	8	8	61
0	0	360	680	8	8	61
0	0	368	672	8	8	61
0	0	376	648	8	8	61
0	0	384	640	8	8	61
0	0	392	600	8	8	61
0	0	400	592	8	8	61
0	0	368	656	8	16	58
0	0	384	608	8	32	58
0	0	400	512	8	80	58
0	0	408	504	8	8	61
0	0	416	496	8	8	61
0	0	424	488	8	8	61
0	0	432	488	8	8	59
0	0	440	496	8	8	59
0	0	448	504	8	8	59
0	0	368	720	8	8	54
0	0	376	712	8	8	54
0	0	384	704	8	8	54
0	0	392	696	8	8	54
0	0	400	688	8	8	54
0	0	408	672	8	16	57
0	0	424	640	8	16	57
0	0	408	664	8	8	54
0	0	416	656	8	8	54
0	0	424	632	8	8	54
0	0	432	624	8	8	54
0	0	440	616	8	8	54
0	0	448	608	8	8	54
0	0	456	512	8	96	57
0	0	320	720	8	8	53
0	0	328	704	8	8	53
0	0	336	696	8	8	53
0	0	344	688	8	8	53
0	0	352	680	8	8	53
0	0	360	672	8	8	53
0	0	376	640	8	8	53
0	0	368	648	8	8	53
0	0	384	600	8	8	53
0	0	392	592	8	8	53
0	0	400	504	8	8	53
0	0	408	496	8	8	53
0	0	416	488	8	8	53
0	0	368	728	8	8	50
0	0	376	720	8	8	50
0	0	384	712	8	8	50
0	0	392	704	8	8	50
0	0	400	696	8	8	50
0	0	416	664	8	8	50
0	0	432	632	8	8	50
0	0	440	624	8	8	50
0	0	448	616	8	8	50
0	0	456	608	8	8	50
0	0	424	656	8	8	50
0	0	408	688	8	8	50
0	0	456	504	8	8	52
0	0	448	496	8	8	52
0	0	440	488	8	8	52
0	0	432	480	8	8	52
0	0	424	480	8	8	53
0	0	384	480	16	80	43
0	0	400	480	16	16	43
0	0	368	480	16	48	43
0	0	448	480	16	16	43
0	0	464	480	16	80	43
0	0	480	480	16	48	43
0	0	336	672	16	16	43
0	0	176	944	16	16	272
0	0	192	960	16	16	272
0	0	176	960	16	16	185
0	0	192	976	16	16	185
0	0	160	976	16	32	128
0	0	208	984	384	8	194
0	0	208	976	384	8	265
0	0	184	952	16	16	272
0	0	592	976	16	16	187
0	0	608	960	16	16	187
0	0	624	944	16	16	187
0	0	592	960	16	16	271
0	0	600	952	16	16	271
0	0	608	944	16	16	271
0	0	616	936	16	16	271
0	0	624	928	16	16	271
0	0	632	920	16	16	271
0	0	640	912	16	16	271
0	0	624	960	16	16	223
0	0	752	944	16	16	185
0	0	768	960	16	16	185
0	0	752	960	16	16	224
0	0	688	936	16	16	43
0	0	560	912	16	16	43
0	0	272	880	16	16	10
0	0	256	912	16	16	10
0	0	296	896	16	16	10
0	0	264	928	16	16	10
0	0	192	920	16	16	42
0	0	752	-16	160	96	444
0	0	928	64	16	16	224
0	0	944	48	16	16	224
0	0	736	64	16	16	186
0	0	720	48	16	16	73
0	0	640	976	8	8	50
0	0	736	944	16	16	453
0	0	736	928	16	16	451
0	0	640	960	16	16	458
0	0	640	944	16	16	454
0	0	640	928	16	16	452
0	0	624	976	16	32	127
0	0	752	976	16	32	128
0	0	720	48	16	16	186
0	0	136	904	16	16	272
0	0	160	928	16	16	272
0	0	160	944	16	16	185
0	0	160	960	16	16	224
0	0	152	920	16	16	272
0	0	144	912	16	16	272
0	0	152	976	8	8	51
0	0	144	960	16	16	457
0	0	144	944	16	16	453
0	0	144	928	16	16	451
0	0	168	936	16	16	272
0	0	176	0	48	96	444
0	0	176	96	48	16	177
0	0	320	160	16	16	187
0	0	320	144	8	8	286
0	0	320	112	8	32	273
0	0	320	64	16	16	223
0	0	320	368	16	16	222
0	0	320	80	16	288	126
0	0	312	112	8	64	125
0	0	304	176	8	8	417
0	0	304	112	16	16	388
0	0	240	112	64	16	387
0	0	368	0	16	64	444
0	0	592	0	16	64	444
0	0	304	0	64	64	448
0	0	336	80	16	16	223
0	0	352	64	16	16	188
0	0	88	288	32	8	464
0	0	256	424	8	24	487
0	0	280	424	8	24	488
0	0	256	416	32	8	489
0	0	256	0	32	8	489
0	0	400	56	8	24	487
0	0	424	56	8	24	488
0	0	400	48	32	8	489
0	0	656	24	8	24	487
0	0	680	24	8	24	488
0	0	656	16	32	8	489
0	0	424	920	96	8	9
0	0	232	888	8	48	9
0	0	-24	-16	144	40	502
0	0	48	32	48	40	502
0	0	72	80	48	40	502
0	0	-24	24	144	16	505
0	0	48	72	48	16	505
0	0	72	120	48	16	505
0	0	48	128	48	40	502
0	0	120	112	8	16	504
0	0	120	16	8	16	504
0	0	96	160	8	16	504
0	0	-24	80	48	40	502
0	0	-24	120	48	16	505
0	0	48	168	48	16	505
0	0	-24	216	48	16	505
0	0	-24	176	48	40	502
0	0	24	208	8	16	504
0	0	24	112	8	16	504
0	0	40	64	8	16	503
0	0	40	160	8	16	503
0	0	-16	232	32	8	523
0	0	56	184	32	8	523
0	0	-16	136	32	8	523
0	0	56	88	32	8	523
0	0	80	136	32	8	523
0	0	80	40	32	8	523
0	0	32	40	32	8	523
0	0	-16	40	32	8	523
0	0	128	32	16	8	36
0	0	40	216	8	16	44
0	0	80	240	16	16	524
0	0	96	240	16	16	524
0	0	112	256	16	16	524
0	0	80	272	16	8	36
0	0	32	248	16	8	36
0	0	832	128	48	40	502
0	0	832	168	48	16	505
0	0	856	216	48	16	505
0	0	832	264	48	16	505
0	0	808	312	96	16	505
0	0	784	360	96	16	505
0	0	760	408	144	16	505
0	0	736	456	144	16	505
0	0	856	504	48	16	505
0	0	824	160	8	16	503
0	0	728	448	8	16	503
0	0	904	496	8	16	504
0	0	904	400	8	16	504
0	0	904	304	8	16	504
0	0	904	208	8	16	504
0	0	840	184	32	8	523
0	0	864	232	32	8	523
0	0	864	328	32	8	523
0	0	864	424	32	8	523
0	0	744	472	32	8	523
0	0	864	520	32	8	523
0	0	792	472	32	8	523
0	0	840	472	32	8	523
0	0	664	80	48	40	502
0	0	736	224	48	40	502
0	0	400	168	384	16	505
0	0	520	216	288	16	505
0	0	736	264	48	16	505
0	0	712	312	48	16	505
0	0	512	208	8	16	503
0	0	704	304	8	16	503
0	0	784	256	8	16	504
0	0	760	304	8	16	504
0	0	408	184	32	8	523
0	0	456	184	32	8	523
0	0	504	184	32	8	523
0	0	528	232	32	8	523
0	0	576	232	32	8	523
0	0	624	232	32	8	523
0	0	672	232	32	8	523
0	0	720	232	32	8	523
0	0	768	232	32	8	523
0	0	744	280	32	8	523
0	0	720	328	32	8	523
0	0	520	272	144	40	502
0	0	400	320	288	40	502
0	0	352	280	144	16	505
0	0	400	360	288	16	505
0	0	472	408	240	16	505
0	0	640	456	48	16	505
0	0	688	448	8	16	504
0	0	712	400	8	16	504
0	0	496	272	8	16	504
0	0	392	352	8	16	503
0	0	328	416	96	40	502
0	0	328	456	96	16	505
0	0	448	456	144	16	505
0	0	488	552	48	16	505
0	0	320	448	8	16	503
0	0	440	448	8	16	503
0	0	632	448	8	16	503
0	0	592	448	8	16	504
0	0	424	448	8	16	504
0	0	336	472	32	8	523
0	0	384	472	32	8	523
0	0	456	472	32	8	523
0	0	504	472	32	8	523
0	0	552	472	32	8	523
0	0	648	472	32	8	523
0	0	672	424	32	8	523
0	0	408	376	32	8	523
0	0	456	376	32	8	523
0	0	456	296	32	8	523
0	0	408	296	32	8	523
0	0	360	296	32	8	523
0	0	520	464	48	40	502
0	0	840	512	48	40	502
0	0	856	560	48	40	502
0	0	448	648	48	16	505
0	0	400	744	48	16	505
0	0	352	840	48	16	505
0	0	376	888	240	16	505
0	0	856	696	48	16	505
0	0	856	600	48	16	505
0	0	480	544	8	16	503
0	0	440	640	8	16	503
0	0	392	736	8	16	503
0	0	344	832	8	16	503
0	0	368	880	8	16	503
0	0	904	688	8	16	504
0	0	904	592	8	16	504
0	0	496	568	32	8	523
0	0	456	664	32	8	523
0	0	408	760	32	8	523
0	0	360	856	32	8	523
0	0	384	904	32	8	523
0	0	432	904	32	8	523
0	0	480	904	32	8	523
0	0	528	904	32	8	523
0	0	576	904	32	8	523
0	0	768	904	32	8	523
0	0	856	656	48	40	502
0	0	856	752	48	40	502
0	0	824	560	48	40	502
0	0	824	656	48	40	502
0	0	616	704	48	40	502
0	0	808	208	8	16	504
0	0	224	496	16	48	524
0	0	328	512	16	16	37
0	0	208	512	16	8	36
0	0	240	168	48	8	614
0	0	288	176	8	8	613
0	0	264	8	16	24	398
0	0	256	8	8	24	396
0	0	280	8	8	24	397
0	0	160	432	16	16	77
0	0	48	464	8	16	58
0	0	88	464	8	16	57
0	0	80	472	8	8	63
0	0	56	464	8	8	63
0	0	392	160	8	16	503
0	0	0	72	48	16	505
0	0	8	88	32	8	523
0	0	32	152	16	8	36
0	0	-16	992	32	32	527
0	0	-8	136	32	32	630
0	0	136	904	8	8	743
0	0	136	920	8	16	742
0	0	136	912	8	16	742
0	0	136	936	8	8	741
0	0	728	920	8	16	742
0	0	728	936	8	8	741
0	0	656	904	8	8	744
0	0	656	936	8	8	746
0	0	656	920	8	16	745
0	0	656	912	8	16	745
0	0	0	648	96	8	720
0	0	0	672	104	8	720
0	0	96	616	8	32	720
0	0	112	600	16	16	681
0	0	104	616	32	8	685
0	0	104	600	8	16	683
0	0	128	600	8	16	684
0	0	80	600	24	16	662
0	0	136	600	24	16	662
0	0	192	592	8	24	665
0	0	80	592	112	8	661
0	0	72	592	8	24	660
0	0	80	568	8	24	653
0	0	184	568	8	24	654
0	0	88	568	8	8	644
0	0	176	568	8	8	646
0	0	96	568	80	8	645
0	0	176	528	24	8	562
0	0	192	536	8	40	636
0	0	72	528	24	8	561
0	0	96	528	80	8	558
0	0	72	536	8	40	631
0	0	88	536	8	32	633
0	0	176	536	8	32	635
0	0	96	536	80	32	634
0	0	168	600	24	16	662
0	0	200	536	8	8	667
0	0	200	608	8	8	669
0	0	200	544	8	64	668
0	0	536	936	8	16	766
0	0	528	920	16	16	760
0	0	520	912	16	16	760
0	0	528	952	16	16	761
0	0	256	960	272	8	764
0	0	240	952	16	16	762
0	0	232	944	16	16	762
0	0	224	936	16	16	762
0	0	216	920	16	16	762
0	0	216	904	16	16	759
0	0	224	928	8	8	765
0	0	224	888	8	24	765
0	0	224	872	16	16	759
0	0	232	864	16	16	759
0	0	240	856	16	16	759
0	0	256	856	48	8	763
0	0	304	856	16	16	760
0	0	312	864	16	16	760
0	0	320	872	16	16	760
0	0	328	880	16	16	760
0	0	336	888	16	16	760
0	0	344	896	16	16	760
0	0	352	904	16	16	760
0	0	360	912	16	16	760
0	0	408	912	16	16	759
0	0	424	912	96	8	763
0	0	0	528	48	8	763
0	0	0	616	48	8	764
0	0	48	528	16	16	760
0	0	48	608	16	16	761
0	0	56	544	8	64	766
0	0	160	432	8	8	795
0	0	160	480	8	16	791
0	0	160	440	8	40	798
0	0	232	480	8	16	792
0	0	168	488	64	8	793
0	0	168	480	64	8	794
0	0	176	472	48	8	796
0	0	224	472	8	8	800
0	0	168	472	8	8	801
0	0	168	432	8	8	796
0	0	224	432	8	8	796
0	0	232	432	8	8	797
0	0	232	440	8	40	799
0	0	224	448	8	24	798
0	0	168	448	8	24	799
0	0	168	440	8	8	803
0	0	224	440	8	8	802
0	0	176	440	48	16	779
0	0	176	160	48	16	777
0	0	208	968	384	8	259
0	0	208	992	384	16	192
0	0	712	888	144	16	505
0	0	616	880	8	16	504
0	0	704	880	8	16	503
0	0	592	840	144	16	505
0	0	600	856	32	8	523
0	0	648	856	32	8	523
0	0	696	856	32	8	523
0	0	672	888	16	8	36
0	0	672	992	48	40	502
0	0	736	960	16	16	457
0	0	816	1000	80	8	194
0	0	832	992	64	8	265
0	0	776	936	96	16	628
0	0	880	736	8	8	61
0	0	888	728	8	8	61
0	0	880	728	8	8	53
0	0	888	720	8	8	53
0	0	768	928	8	16	626
0	0	832	984	64	8	614
0	0	896	992	16	16	610
0	0	904	1000	16	16	610
0	0	912	704	16	16	389
0	0	784	952	32	8	629
0	0	832	952	32	8	629
0	0	872	928	8	16	627
0	0	784	976	16	16	185
0	0	776	960	8	8	376
0	0	784	968	8	8	376
0	0	792	976	8	8	376
0	0	800	984	8	8	376
0	0	808	992	8	8	376
0	0	824	992	8	8	443
0	0	728	912	8	8	743
0	0	736	920	8	8	465
0	0	744	928	8	8	465
0	0	736	912	8	8	470
0	0	744	920	8	8	470
0	0	768	952	8	8	474
0	0	760	944	8	8	474
0	0	752	936	8	8	474
0	0	176	128	16	32	19
0	0	176	160	16	16	775
0	0	176	168	48	272	778
0	0	200	144	16	16	10
0	0	192	136	8	8	12
0	0	176	0	48	112	778
0	0	176	112	48	16	779
0	0	248	936	16	16	551
0	0	240	896	8	32	550
0	0	240	880	16	16	554
0	0	248	872	16	16	554
0	0	264	872	32	8	548
0	0	296	872	16	16	553
0	0	240	928	16	16	551
0	0	368	920	48	8	763
0	0	312	888	16	16	553
0	0	328	904	16	16	553
0	0	344	920	16	16	553
0	0	416	928	16	16	554
0	0	512	928	16	16	553
0	0	512	944	16	16	552
0	0	512	952	8	8	9
0	0	264	944	256	8	547
0	0	432	928	80	8	548
0	0	432	936	80	8	275
0	0	480	928	16	16	10
0	0	360	936	64	8	548
0	0	344	936	16	8	275
0	0	328	928	16	16	10
0	0	304	920	16	16	10
0	0	432	936	16	16	10
0	0	896	0	8	96	811
0	0	872	0	8	96	810
0	0	880	0	16	96	812
0	0	720	904	32	8	523
0	0	624	96	32	32	527
0	0	592	80	16	32	524
0	0	488	80	16	16	524
0	0	448	96	16	16	524
0	0	360	96	16	8	36
0	0	400	200	16	8	36
0	0	352	184	16	8	36
0	0	496	216	16	8	36
0	0	432	192	16	16	37
0	0	520	240	16	16	37
0	0	472	96	16	16	37
0	0	560	96	16	16	37
0	0	352	104	8	8	39
0	0	368	120	8	8	39
0	0	384	136	8	8	39
0	0	384	144	8	8	41
0	0	368	160	8	8	41
0	0	352	176	8	8	41
0	0	368	376	16	16	37
0	0	352	328	16	16	37
0	0	440	296	16	16	37
0	0	688	248	16	16	37
0	0	624	240	16	16	37
0	0	696	320	16	16	37
0	0	744	384	16	16	37
0	0	592	480	16	16	37
0	0	720	472	16	16	37
0	0	784	288	16	16	37
0	0	832	192	16	16	37
0	0	792	112	16	16	37
0	0	720	104	16	8	36
0	0	832	96	16	8	36
0	0	792	152	16	8	36
0	0	808	240	16	8	36
0	0	760	288	16	8	36
0	0	752	344	16	8	36
0	0	712	440	16	8	36
0	0	776	480	16	8	36
0	0	632	472	16	8	36
0	0	664	288	16	8	36
0	0	552	240	16	8	36
0	0	496	264	16	8	36
0	0	368	312	16	8	36
0	0	360	360	16	8	36
0	0	448	392	16	8	36
0	0	376	176	16	8	36
0	0	160	688	8	24	660
0	0	168	696	24	16	662
0	0	224	696	24	16	662
0	0	192	696	8	16	683
0	0	216	696	8	16	684
0	0	248	688	8	24	665
0	0	192	680	32	16	682
0	0	160	688	8	8	677
0	0	160	656	8	32	678
0	0	160	648	8	8	670
0	0	248	648	8	8	672
0	0	248	656	8	32	673
0	0	248	688	8	8	674
0	0	168	648	80	8	671
0	0	200	696	16	16	681
0	0	256	704	8	8	669
0	0	256	656	8	8	667
0	0	256	664	8	40	668
0	0	88	776	32	8	60
0	0	120	784	8	8	59
0	0	120	776	8	8	52
0	0	128	792	8	8	59
0	0	128	784	8	8	52
0	0	136	616	8	48	720
0	0	112	744	112	8	720
0	0	128	664	8	64	720
0	0	136	720	56	8	720
0	0	224	712	8	32	720
0	0	192	712	32	8	685
0	0	184	712	8	8	720
0	0	48	752	240	16	524
0	0	272	800	8	8	61
0	0	280	792	8	8	61
0	0	288	784	8	8	61
0	0	304	816	8	8	54
0	0	312	808	8	8	54
0	0	272	792	8	8	53
0	0	280	784	8	8	53
0	0	288	776	8	8	53
0	0	304	824	8	8	50
0	0	312	816	8	8	50
0	0	320	808	8	8	50
0	0	320	736	8	8	61
0	0	328	784	8	8	54
0	0	360	736	8	8	54
0	0	368	728	8	8	57
0	0	304	768	8	8	61
0	0	312	752	8	8	61
0	0	296	776	8	8	61
0	0	320	800	8	8	54
0	0	336	768	8	8	54
0	0	344	752	8	8	54
0	0	352	744	8	8	54
0	0	328	712	8	8	58
0	0	320	728	8	8	58
0	0	312	744	8	8	58
0	0	304	760	8	8	58
0	0	296	768	8	8	53
0	0	304	752	8	8	53
0	0	312	736	8	8	53
0	0	344	760	8	8	57
0	0	336	776	8	8	57
0	0	328	792	8	8	57
0	0	328	800	8	8	50
0	0	336	784	8	8	50
0	0	344	768	8	8	50
0	0	352	752	8	8	50
0	0	360	744	8	8	50
0	0	368	736	8	8	50
0	0	56	712	16	8	36
0	0	272	720	16	32	524
0	0	288	672	16	64	524
0	0	304	560	16	128	524
0	0	240	528	16	48	524
0	0	256	560	48	16	524
0	0	224	592	16	16	37
0	0	272	624	16	8	36
0	0	168	632	16	8	36
0	0	640	80	16	16	525
0	0	120	184	8	16	44
0	0	128	200	16	8	36
0	0	80	192	16	16	37
0	0	96	208	8	16	44
0	0	104	200	8	16	44
0	0	112	192	8	16	44
0	0	104	672	8	72	720
0	0	112	664	16	80	722
0	0	136	664	8	8	7
0	0	624	64	16	16	44
0	0	24	216	16	16	825
0	0	128	176	16	16	825
0	0	112	144	16	8	36
0	0	96	176	16	8	36
0	0	624	80	16	16	825
0	0	192	456	8	8	12
0	0	928	736	16	16	49
0	0	56	448	8	16	907
0	0	80	448	8	16	908
0	0	64	448	16	16	905
0	0	56	464	32	8	906
0	0	352	112	16	64	910
0	0	368	128	16	32	910
0	0	608	80	16	32	910
0	0	864	616	32	8	523
0	0	864	712	32	8	523
0	0	824	608	48	40	502
0	0	736	704	144	40	502
0	0	856	464	48	40	502
0	0	736	416	144	40	502
0	0	784	320	96	40	502
0	0	760	368	144	40	502
0	0	472	368	240	40	502
0	0	448	416	144	40	502
0	0	856	176	48	40	502
0	0	808	272	96	40	502
0	0	520	176	288	40	502
0	0	712	272	48	40	502
0	0	488	512	288	40	502
0	0	448	608	336	40	502
0	0	400	704	240	40	502
0	0	424	752	240	40	502
0	0	352	800	480	40	502
0	0	376	848	240	40	502
0	0	712	848	192	40	502
0	0	520	560	240	40	502
0	0	832	224	48	40	502
0	0	664	120	48	16	505
0	0	400	128	384	40	502
0	0	608	400	16	24	1028
0	0	624	408	16	16	1027
0	0	592	408	16	16	1026
0	0	616	424	8	8	57
0	0	608	424	8	8	61
0	0	600	432	8	24	58
0	0	616	432	8	8	59
0	0	624	440	8	16	57
0	0	608	456	16	8	55
0	0	600	424	8	8	53
0	0	624	432	8	8	52
0	0	624	456	8	8	50
0	0	600	456	8	8	51
0	0	56	224	16	16	1039
0	0	56	688	16	16	1039
0	0	136	616	16	16	1039
0	0	720	80	16	16	1039
0	0	72	576	8	16	1042
0	0	192	576	8	16	1043
0	0	104	600	8	16	683
0	0	128	600	8	16	684
0	0	104	600	8	16	683
0	0	128	600	8	16	684
0	0	104	584	32	16	682
0	0	216	128	16	16	553
0	0	224	120	16	16	818
0	0	216	144	16	16	552
0	0	224	152	16	16	819
0	0	224	160	16	16	610
0	0	608	392	16	8	7
0	0	336	64	16	16	79
0	0	304	80	16	16	79
0	0	304	96	16	16	188
0	0	304	64	16	16	188
0	0	304	64	16	16	188
0	0	240	56	16	24	566
0	0	288	56	16	24	568
0	0	256	72	32	16	567
0	0	256	32	32	32	49
0	0	256	56	32	8	194
0	0	248	40	16	16	610
0	0	280	40	16	16	609
0	0	240	32	16	16	610
0	0	288	32	16	16	609
0	0	256	48	8	8	613
0	0	280	48	8	8	443
0	0	896	720	8	8	61
0	0	896	712	8	8	53
0	0	904	712	8	8	61
0	0	904	704	8	8	53
0	0	928	688	16	16	220
0	0	944	672	16	16	220
0	0	944	752	16	16	386
0	0	912	720	16	16	386
0	0	928	736	16	16	386
0	0	856	888	48	16	628
0	0	904	880	8	16	627
0	0	864	904	32	8	629
0	0	856	792	48	16	628
0	0	904	784	8	16	627
0	0	864	808	32	8	629
0	0	776	896	96	40	502
0	0	872	968	96	16	628
0	0	880	984	32	8	629
0	0	864	960	8	16	626
0	0	872	928	96	40	502
0	0	928	984	32	8	629
0	0	896	880	96	40	502
0	0	888	912	8	16	626
0	0	568	496	8	16	504
0	0	512	496	8	16	503
0	0	688	648	96	16	505
0	0	696	664	32	8	523
0	0	744	664	32	8	523
0	0	472	656	240	40	502
0	0	704	728	48	40	502
0	0	792	784	48	40	502
0	0	792	720	48	40	502
0	0	608	472	16	16	525
0	0	624	456	16	16	525
0	0	808	624	48	80	502
0	0	848	496	8	16	503
0	0	744	560	48	40	502
0	0	776	512	48	16	44
0	0	776	528	48	16	44
0	0	776	544	32	16	44
0	0	760	680	48	40	502
0	0	728	664	16	16	42
0	0	592	456	16	16	525
0	0	640	416	48	40	502
0	0	264	488	16	8	36
0	0	352	616	16	8	36
0	0	288	536	16	16	42
0	0	304	464	16	16	37
0	0	368	200	16	16	37
0	0	440	216	16	8	36
0	0	8	584	16	16	14
0	0	24	544	16	16	14
0	0	40	584	8	8	13
0	0	0	552	8	8	13
13	0	200	725	32	16	lyly_door_sensor	0
1	0	208	725	out_grandma_house	3	0
13	0	112	629	32	16	rupee_house_door_sensor	0
1	0	120	629	out_rupee_house	3	0
10	0	200	696	16	16	lyly_door	915	1
10	0	112	600	16	16	rupee_house_door	915	1
10	0	656	32	32	16	stone_lock_tile_2	177	1
10	0	656	16	32	16	stone_lock_tile_3	192	1
10	0	104	536	88	32	broken_rupee_house_8	1058	1
10	0	160	600	32	16	broken_rupee_house_27	664	1
2	0	64	448	16	16	to_lyriann_cave	0	1	20	from_outside
6	0	296	168	24	24	Jump_sensor_3	7	56
2	0	-16	0	16	1008	to_C1	0	2	3	_side
2	0	112	600	16	16	to_broken_rupee_house	0	1	70	main_entrance
4	0	88	253	2	_random	1	-1
4	0	104	253	2	_random	1	-1
4	0	120	269	2	_random	1	-1
2	0	0	1008	960	16	to_D2	0	2	5	_side
2	0	0	-16	960	16	to_B2	0	2	7	_side
6	0	88	296	32	8	Jump_sensor	6	184
6	0	320	120	8	56	Jump_sensor_2	0	48
8	0	64	701	welcome_sign	3	0	entities/sign	dialog#outside_world.village.welcome_sign
8	0	144	629	rupee_house_sign	3	0	entities/sign	dialog#outside_world.village.rupee_house_sign
8	0	152	469	waterfall_sign	3	0	entities/sign	dialog#outside_world.village.waterfall_sign
8	0	184	493	water_for_bottle	-1	0	_none	item#bottle_1
8	0	200	493	water_for_bottle_2	-1	0	_none	item#bottle_1
8	0	216	493	water_for_bottle_3	-1	0	_none	item#bottle_1
8	0	168	493	water_for_bottle_4	-1	0	_none	item#bottle_1
8	0	168	477	water_for_bottle_5	-1	0	_none	item#bottle_1
8	0	232	493	water_for_bottle_6	-1	0	_none	item#bottle_1
8	0	232	477	water_for_bottle_7	-1	0	_none	item#bottle_1
8	0	232	461	water_for_bottle_8	-1	0	_none	item#bottle_1
8	0	64	237	warning_holes_sign	3	0	entities/sign	dialog#outside_world.warning_holes_sign
8	0	728	93	flower_hole_sign	3	0	entities/sign	dialog#outside_world.flower_hole_sign
1	0	672	61	from_chest_game_cave	3	0
4	0	600	469	4	_random	1	-1
4	0	616	485	4	_random	1	-1
4	0	632	469	4	_random	1	-1
6	0	736	928	40	40	jumper	5	32
4	0	600	93	2	_random	1	-1
4	0	600	109	2	_random	1	-1
4	0	456	109	2	_random	1	-1
4	0	360	141	5	_random	1	-1
4	0	360	125	5	_random	1	-1
4	0	376	141	5	_random	1	-1
4	0	360	157	5	_random	1	-1
4	0	376	157	5	_random	1	-1
4	0	360	173	5	_random	1	-1
4	0	616	93	5	_random	1	-1
4	0	616	109	5	_random	1	-1
4	0	232	509	2	_random	1	-1
4	0	232	525	2	_random	1	-1
4	0	232	541	2	_random	1	-1
4	0	248	541	2	_random	1	-1
4	0	248	557	2	_random	1	-1
4	0	248	573	2	_random	1	-1
4	0	264	573	2	_random	1	-1
4	0	280	573	2	_random	1	-1
4	0	296	573	2	_random	1	-1
4	0	312	573	2	_random	1	-1
4	0	312	589	2	_random	1	-1
4	0	312	605	2	_random	1	-1
4	0	312	621	2	_random	1	-1
4	0	312	637	2	_random	1	-1
4	0	312	653	2	_random	1	-1
4	0	312	669	2	_random	1	-1
4	0	312	685	2	_random	1	-1
4	0	296	685	2	_random	1	-1
4	0	296	701	2	_random	1	-1
4	0	296	717	2	_random	1	-1
4	0	296	733	2	_random	1	-1
4	0	280	733	2	_random	1	-1
4	0	280	749	2	_random	1	-1
4	0	280	765	2	_random	1	-1
4	0	56	765	2	_random	1	-1
4	0	72	765	2	_random	1	-1
4	0	104	765	2	_random	1	-1
4	0	88	765	2	_random	1	-1
4	0	136	765	2	_random	1	-1
4	0	168	765	2	_random	1	-1
4	0	200	765	2	_random	1	-1
4	0	232	765	2	_random	1	-1
4	0	264	765	2	_random	1	-1
4	0	120	765	2	_random	1	-1
4	0	152	765	2	_random	1	-1
4	0	184	765	2	_random	1	-1
4	0	216	765	2	_random	1	-1
4	0	248	765	2	_random	1	-1
7	0	176	813	enemy_2	3	simple_green_soldier	0	-1	_random	0	-1
7	0	432	573	enemy	3	green_knight_soldier	0	-1	_random	0	-1
7	0	560	957	enemy_3	3	simple_green_soldier	0	-1	_random	0	-1
8	0	152	685	chignon_woman	3	1	npc/newlink5	map
8	0	128	469	cliff_man	3	1	npc/static_villager14	dialog#outside_world.village.cliff_man_npc
2	0	200	696	16	16	to_grandma_house	0	1	11	entrance
4	0	648	93	3	_random	1	-1
1	0	72	477	out_lyriann_cave	3	0
3	0	48	109	piece_of_heart	1	18
12	0	264	424	16	8	custom_obstacle	1	1	1	1
1	0	416	93	from_fairy_cave	3	0
2	0	408	64	16	16	to_fairy_cave	0	1	26	from_outside
10	0	56	448	32	16	tom_cave_door_tile	909	1
8	0	72	461	tom_cave_door	3	0	_none	map
12	0	408	56	16	8	custom_obstacle_2	1	1	1	1
12	0	664	24	16	8	custom_obstacle_4	1	1	1	1
2	0	664	32	16	16	to_chest_game_cave	0	1	75	from_outside
4	0	496	93	2	_random	1	-1
10	0	88	528	8	8	broken_rupee_house_2	558	1
10	0	96	528	8	16	broken_rupee_house_3	1049	1
10	0	112	528	8	16	broken_rupee_house_5	1051	1
10	0	104	528	8	16	broken_rupee_house_4	1050	1
10	0	120	528	8	16	broken_rupee_house_6	1052	1
10	0	128	528	16	8	broken_rupee_house_7	7	1
10	0	136	528	8	16	broken_rupee_house_9	1053	1
10	0	144	528	40	16	broken_rupee_house_11	1051	1
10	0	152	528	8	16	broken_rupee_house_10	1050	1
10	0	168	528	8	16	broken_rupee_house_12	1050	1
10	0	184	528	8	16	broken_rupee_house_13	1050	1
10	0	192	528	8	8	broken_rupee_house_14	1046	1
10	0	192	536	8	16	broken_rupee_house_15	1047	1
10	0	192	552	8	16	broken_rupee_house_16	1048	1
10	0	184	544	8	8	broken_rupee_house_17	1056	1
10	0	176	544	8	8	broken_rupee_house_18	1055	1
10	0	120	552	8	8	broken_rupee_house_21	1056	1
10	0	112	552	8	8	broken_rupee_house_22	1055	1
10	0	160	560	8	8	broken_rupee_house_20	1055	1
10	0	168	560	8	8	broken_rupee_house_19	1056	1
10	0	96	544	8	24	broken_rupee_house_23	1068	1
10	0	80	536	8	32	broken_rupee_house_24	1066	1
10	0	88	544	8	24	broken_rupee_house	1071	1
10	0	88	536	8	8	broken_rupee_house_25	1070	1
10	0	88	568	96	8	broken_rupee_house_26	661	1
10	0	144	576	8	8	broken_rupee_house_34	1059	1
10	0	144	584	8	8	broken_rupee_house_33	1063	1
10	0	152	576	8	8	broken_rupee_house_30	1068	1
10	0	152	584	8	8	broken_rupee_house_32	1064	1
10	0	160	584	8	8	broken_rupee_house_31	1065	1
10	0	160	576	8	8	broken_rupee_house_29	1069	1
10	0	192	568	8	8	tile_36	636	1
10	0	184	600	8	16	broken_rupee_house_28	1053	1
2	0	112	600	16	16	to_rupee_house	0	1	2	main_entrance
10	0	656	32	32	16	stone_lock_tile	909	1
8	0	672	45	stone_lock	3	0	_none	map
13	0	184	173	48	16	waterfall_sensor	0
12	0	176	104	48	8	custom_obstacle_5	1	1	1	1
1	0	616	429	from_lost_woods_cave	3	0
2	0	608	392	16	16	teletransporter	0	1	76	from_outside
1	0	272	45	from_waterfall_cave	3	0
12	0	264	8	16	8	custom_obstacle_3	1	1	1	1
6	0	264	56	16	8	jumper_2	6	88
2	0	264	16	16	16	teletransporter_2	0	1	80	from_outside
2	0	176	456	48	16	teletransporter_3	0	1	82	from_outside_n
12	0	176	432	48	8	custom_obstacle_6	1	1	1	1
7	0	696	261	enemy_4	3	red_knight_soldier	0	-1	_random	0	-1
7	0	456	213	enemy_5	3	green_knight_soldier	0	-1	_random	0	-1
7	0	136	101	enemy_6	3	blue_knight_soldier	0	-1	_random	0	-1
2	0	960	0	16	1008	to_C3	0	2	119	_side
1	0	272	461	from_bone_key_cave	3	0
2	0	264	432	16	16	teletransporter_4	0	1	120	from_outside
1	0	184	853	from_ending	-1	0
0	1	56	424	32	24	901
0	2	760	656	144	40	511
0	2	608	368	16	32	1025
0	2	624	368	40	40	1024
0	2	568	368	40	40	1023
0	2	664	368	48	40	511
0	2	712	848	192	40	511
0	2	472	368	96	40	511
0	2	400	320	288	40	511
0	2	520	272	144	40	511
0	2	520	176	288	40	511
0	2	400	128	384	40	511
0	2	-24	-16	144	40	511
0	2	0	32	96	40	511
0	2	72	80	48	40	511
0	2	120	-24	8	40	514
0	2	96	24	8	40	514
0	2	120	72	8	40	514
0	2	96	120	8	40	514
0	2	64	72	8	40	513
0	2	0	16	96	16	512
0	2	72	64	48	16	512
0	2	48	112	48	16	512
0	2	48	128	48	40	511
0	2	40	120	8	40	513
0	2	24	72	8	40	514
0	2	-24	80	48	40	511
0	2	-24	64	48	16	512
0	2	0	120	8	40	514
0	2	24	168	8	40	514
0	2	832	112	48	16	512
0	2	832	128	48	40	511
0	2	856	176	48	40	511
0	2	832	224	48	40	511
0	2	808	272	96	40	511
0	2	784	320	96	40	511
0	2	760	368	144	40	511
0	2	736	416	144	40	511
0	2	856	464	48	40	511
0	2	880	120	8	40	514
0	2	904	168	8	40	514
0	2	880	216	8	40	514
0	2	904	264	8	40	514
0	2	880	312	8	40	514
0	2	904	360	8	40	514
0	2	880	408	8	40	514
0	2	904	456	8	40	514
0	2	888	504	8	40	514
0	2	824	120	8	40	513
0	2	848	168	8	40	513
0	2	824	216	8	40	513
0	2	800	264	8	40	513
0	2	776	312	8	40	513
0	2	752	360	8	40	513
0	2	728	408	8	40	513
0	2	848	456	8	40	513
0	2	856	160	48	16	512
0	2	832	208	48	16	512
0	2	808	256	96	16	512
0	2	784	304	96	16	512
0	2	760	352	144	16	512
0	2	736	400	144	16	512
0	2	856	448	48	16	512
0	2	712	72	8	40	514
0	2	664	64	48	16	512
0	2	664	80	48	40	511
0	2	656	72	8	40	513
0	2	400	112	384	16	512
0	2	520	160	288	16	512
0	2	736	208	48	16	512
0	2	736	224	48	40	511
0	2	712	272	48	40	511
0	2	784	120	8	40	514
0	2	808	168	8	40	514
0	2	784	216	8	40	514
0	2	760	264	8	40	514
0	2	712	256	48	16	512
0	2	392	120	8	40	513
0	2	512	168	8	40	513
0	2	728	216	8	40	513
0	2	704	264	8	40	513
0	2	352	224	144	16	512
0	2	520	256	144	16	512
0	2	400	304	288	16	512
0	2	472	352	240	16	512
0	2	352	240	144	40	511
0	2	640	416	48	40	511
0	2	496	232	8	40	514
0	2	664	264	8	40	514
0	2	688	312	8	40	514
0	2	712	360	8	40	514
0	2	688	408	8	40	514
0	2	640	400	48	16	512
0	2	512	264	8	40	513
0	2	392	312	8	40	513
0	2	464	360	8	40	513
0	2	632	408	8	40	513
0	2	448	400	144	16	512
0	2	328	400	96	16	512
0	2	344	232	8	40	513
0	2	328	416	96	40	511
0	2	448	416	144	40	511
0	2	592	408	8	40	514
0	2	424	408	8	40	514
0	2	320	408	8	40	513
0	2	440	408	8	40	513
0	2	520	448	48	16	512
0	2	520	464	48	40	511
0	2	568	456	8	40	514
0	2	512	456	8	40	513
0	2	488	496	336	16	512
0	2	840	496	48	16	512
0	2	488	512	336	40	511
0	2	840	512	48	40	511
0	2	520	560	384	40	511
0	2	824	504	8	40	514
0	2	904	552	8	40	514
0	2	512	552	8	40	513
0	2	832	504	8	40	513
0	2	520	544	384	16	512
0	2	448	608	432	40	511
0	2	472	656	240	40	511
0	2	400	704	480	40	511
0	2	424	752	480	40	511
0	2	352	800	528	40	511
0	2	376	848	240	40	511
0	2	776	896	96	40	511
0	2	448	592	432	16	512
0	2	472	640	240	16	512
0	2	400	688	480	16	512
0	2	424	736	480	16	512
0	2	352	784	528	16	512
0	2	376	832	240	16	512
0	2	776	880	96	16	512
0	2	480	504	8	40	513
0	2	440	600	8	40	513
0	2	464	648	8	40	513
0	2	392	696	8	40	513
0	2	416	744	8	40	513
0	2	344	792	8	40	513
0	2	368	840	8	40	513
0	2	768	888	8	40	513
0	2	872	888	8	40	514
0	2	904	840	8	40	514
0	2	880	792	8	40	514
0	2	880	600	8	40	514
0	2	904	648	8	40	514
0	2	-8	24	8	40	513
0	2	-24	176	48	40	511
0	2	-24	160	48	16	512
0	2	712	832	192	16	512
0	2	616	840	8	40	514
0	2	704	840	8	40	513
0	2	672	992	48	40	511
0	2	672	976	48	16	512
0	2	664	984	8	40	513
0	2	720	984	8	40	514
0	2	904	744	8	40	514
0	2	880	696	8	40	514
0	2	872	928	96	40	518
0	2	864	920	8	40	515
0	2	896	880	96	40	518
0	2	872	912	96	16	517
0	2	888	872	8	40	515
0	2	896	864	96	16	517
0	2	760	640	144	16	512
0	2	712	648	8	40	514
0	2	752	648	8	40	513
