960	784	-1	1	0	0	-1	3	cave.spc
0	0	16	16	24	24	45
0	0	40	16	224	24	49
0	0	264	16	24	24	46
0	0	304	16	24	24	45
0	0	16	40	24	128	51
0	0	40	40	8	8	14
0	0	48	40	208	8	179
0	0	40	48	8	112	181
0	0	48	48	208	16	2
0	0	48	64	16	96	2
0	0	88	72	128	24	52
0	0	88	112	80	24	49
0	0	72	88	24	32	50
0	0	72	72	24	24	53
0	0	72	112	24	24	55
0	0	64	64	176	8	180
0	0	64	64	8	80	182
0	0	64	136	96	8	179
0	0	64	64	8	8	183
0	0	64	136	8	8	186
0	0	16	168	24	24	47
0	0	16	208	24	24	45
0	0	40	160	8	8	16
0	0	48	160	96	8	180
0	0	40	208	80	24	49
0	0	40	168	80	24	52
0	0	16	232	24	32	51
0	0	16	264	24	24	47
0	0	16	304	24	24	45
0	0	40	264	128	24	52
0	0	40	256	8	8	16
0	0	40	232	8	8	14
0	0	48	232	96	8	179
0	0	40	240	8	16	181
0	0	48	256	112	8	180
0	0	56	216	16	16	250
0	0	112	184	24	32	51
0	0	136	160	8	80	181
0	0	112	168	24	24	54
0	0	112	208	24	24	56
0	0	160	136	8	8	15
0	0	160	256	8	8	17
0	0	160	144	8	112	182
0	0	48	240	112	16	2
0	0	144	144	16	96	2
0	0	64	144	80	16	2
0	0	168	136	24	128	50
0	0	168	264	24	24	48
0	0	168	112	24	24	46
0	0	136	232	8	8	185
0	0	136	160	8	8	184
0	0	208	88	24	80	51
0	0	208	168	24	24	47
0	0	232	160	8	8	16
0	0	240	160	288	8	180
0	0	232	168	272	24	52
0	0	496	168	24	24	54
0	0	520	160	8	8	184
0	0	232	64	8	96	181
0	0	256	40	8	8	15
0	0	256	48	8	96	182
0	0	256	136	64	8	179
0	0	240	64	16	96	2
0	0	256	144	64	16	2
0	0	208	72	24	24	54
0	0	264	40	24	80	50
0	0	280	112	48	24	49
0	0	264	112	24	24	55
0	0	256	136	8	8	186
0	0	232	64	8	8	184
0	0	40	304	176	24	49
0	0	208	208	24	24	45
0	0	208	216	24	96	51
0	0	208	304	24	24	56
0	0	232	208	224	24	49
0	0	16	328	24	32	51
0	0	304	72	24	24	47
0	0	40	328	8	8	14
0	0	48	328	192	8	179
0	0	40	336	8	16	181
0	0	232	232	8	8	14
0	0	240	232	208	8	179
0	0	232	240	8	96	181
0	0	240	240	192	16	2
0	0	240	256	16	176	2
0	0	48	336	304	16	2
0	0	232	328	8	8	185
0	0	48	352	192	8	180
0	0	40	352	8	8	16
0	0	16	360	24	24	47
0	0	16	400	24	24	45
0	0	40	360	176	24	52
0	0	40	400	32	24	49
0	0	72	400	24	24	46
0	0	16	424	24	320	51
0	0	72	424	24	176	50
0	0	48	432	16	304	2
0	0	112	400	24	24	45
0	0	112	424	24	176	51
0	0	144	432	16	192	2
0	0	136	400	80	24	49
0	0	208	376	24	32	51
0	0	160	432	416	16	2
0	0	208	360	24	24	54
0	0	208	400	24	24	56
0	0	280	264	128	24	52
0	0	280	304	80	24	49
0	0	264	280	24	32	50
0	0	264	264	24	24	53
0	0	264	304	24	24	55
0	0	256	256	176	8	180
0	0	256	256	8	80	182
0	0	256	328	96	8	179
0	0	256	256	8	8	183
0	0	256	328	8	8	186
0	0	304	40	24	32	51
0	0	40	424	8	8	14
0	0	136	424	8	8	14
0	0	64	424	8	8	15
0	0	48	424	16	8	179
0	0	144	424	96	8	179
0	0	64	432	8	192	182
0	0	40	432	8	304	181
0	0	136	432	8	192	181
0	0	232	352	8	80	181
0	0	232	424	8	8	185
0	0	232	352	8	8	184
0	0	280	360	80	24	52
0	0	280	400	128	24	49
0	0	264	376	24	32	50
0	0	264	360	24	24	53
0	0	264	400	24	24	55
0	0	256	352	96	8	180
0	0	256	352	8	80	182
0	0	256	424	176	8	179
0	0	256	352	8	8	183
0	0	256	424	8	8	186
0	0	184	456	224	24	52
0	0	184	496	176	24	49
0	0	168	472	24	32	50
0	0	168	456	24	24	53
0	0	168	496	24	24	55
0	0	160	448	272	8	180
0	0	160	448	8	80	182
0	0	160	520	192	8	179
0	0	160	448	8	8	183
0	0	160	520	8	8	186
0	0	184	552	128	24	52
0	0	184	592	80	24	49
0	0	168	568	24	32	50
0	0	168	552	24	24	53
0	0	168	592	24	24	55
0	0	160	544	176	8	180
0	0	160	544	8	80	182
0	0	160	616	96	8	179
0	0	160	544	8	8	183
0	0	160	616	8	8	186
0	0	88	592	32	24	49
0	0	112	592	24	24	56
0	0	72	592	24	24	55
0	0	64	616	80	8	179
0	0	136	616	8	8	185
0	0	64	616	8	8	186
0	0	160	528	192	16	2
0	0	88	648	128	24	52
0	0	88	688	80	24	49
0	0	72	664	24	32	50
0	0	72	648	24	24	53
0	0	72	688	24	24	55
0	0	64	640	176	8	180
0	0	64	640	8	80	182
0	0	64	712	96	8	179
0	0	64	640	8	8	183
0	0	64	712	8	8	186
0	0	40	744	128	24	52
0	0	48	736	112	8	180
0	0	40	736	8	8	16
0	0	16	744	24	24	47
0	0	64	624	176	16	2
0	0	64	720	96	16	2
0	0	168	688	24	24	46
0	0	168	744	24	24	48
0	0	160	720	8	16	182
0	0	160	712	8	8	15
0	0	160	736	8	8	17
0	0	168	712	24	32	50
0	0	208	744	24	24	47
0	0	208	664	24	80	51
0	0	208	648	24	24	54
0	0	232	744	480	24	52
0	0	264	592	24	24	46
0	0	232	736	8	8	16
0	0	240	736	464	8	180
0	0	232	640	8	96	181
0	0	232	640	8	8	184
0	0	256	616	8	8	15
0	0	280	688	176	24	49
0	0	264	616	24	80	50
0	0	264	688	24	24	55
0	0	256	624	8	96	182
0	0	256	712	192	8	179
0	0	256	712	8	8	186
0	0	240	624	16	112	2
0	0	256	720	448	16	2
0	0	48	216	8	16	304
0	0	72	216	8	16	301
0	0	136	696	16	16	250
0	0	128	696	8	16	304
0	0	152	696	8	16	301
0	0	168	408	16	16	250
0	0	160	408	8	16	304
0	0	184	408	8	16	301
0	0	168	312	16	16	250
0	0	160	312	8	16	304
0	0	184	312	8	16	301
0	0	312	312	16	16	250
0	0	304	312	8	16	304
0	0	328	312	8	16	301
0	0	312	408	16	16	250
0	0	304	408	8	16	304
0	0	328	408	8	16	301
0	0	312	504	16	16	250
0	0	304	504	8	16	304
0	0	328	504	8	16	301
0	0	328	648	144	24	52
0	0	304	568	24	80	51
0	0	304	648	24	24	47
0	0	336	640	176	8	180
0	0	328	544	8	96	181
0	0	328	640	8	8	16
0	0	328	544	8	8	184
0	0	304	552	24	24	54
0	0	336	544	16	96	2
0	0	352	624	160	16	2
0	0	360	496	24	24	46
0	0	360	520	24	80	50
0	0	376	592	96	24	49
0	0	360	592	24	24	55
0	0	352	520	8	8	15
0	0	352	528	8	96	182
0	0	352	616	96	8	179
0	0	352	616	8	8	186
0	0	400	472	24	80	51
0	0	400	552	24	24	47
0	0	424	448	8	96	181
0	0	424	544	8	8	16
0	0	424	552	80	24	52
0	0	400	456	24	24	54
0	0	424	448	8	8	184
0	0	432	544	80	8	180
0	0	456	208	24	24	46
0	0	496	304	24	24	45
0	0	448	232	8	8	15
0	0	448	240	8	192	182
0	0	448	424	64	8	179
0	0	456	232	24	176	50
0	0	472	400	48	24	49
0	0	456	400	24	24	55
0	0	448	424	8	8	186
0	0	496	360	24	24	47
0	0	496	328	24	32	51
0	0	432	240	16	304	2
0	0	400	280	24	128	51
0	0	360	360	24	24	48
0	0	360	304	24	24	46
0	0	360	328	24	32	50
0	0	352	336	8	16	182
0	0	352	328	8	8	15
0	0	352	352	8	8	17
0	0	400	264	24	24	54
0	0	400	400	24	24	56
0	0	424	256	8	176	181
0	0	424	256	8	8	184
0	0	424	424	8	8	185
0	0	496	184	24	16	51
0	0	496	264	24	24	47
0	0	496	200	24	64	51
0	2	0	0	656	16	170
0	2	0	16	16	752	170
0	2	96	96	112	16	170
0	2	16	192	96	16	170
0	2	16	288	192	16	170
0	2	192	112	16	176	170
0	2	208	192	272	16	170
0	2	16	384	192	16	170
0	2	96	400	16	192	170
0	2	0	768	704	16	170
0	2	96	672	112	16	170
0	2	192	576	112	16	170
0	2	192	480	208	16	170
0	2	192	688	16	80	170
0	2	48	208	32	8	309
0	2	56	208	16	8	346
0	2	128	688	32	8	309
0	2	136	688	16	8	346
0	2	160	400	32	8	309
0	2	168	400	16	8	346
0	2	160	304	32	8	309
0	2	168	304	16	8	346
0	2	304	304	32	8	309
0	2	312	304	16	8	346
0	2	304	400	32	8	309
0	2	312	400	16	8	346
0	2	304	496	32	8	309
0	2	312	496	16	8	346
0	2	288	592	16	80	170
0	2	288	672	176	16	170
0	2	384	496	16	80	170
0	2	384	576	120	16	170
0	2	288	384	112	16	170
0	2	288	288	112	16	170
0	2	384	304	16	80	170
