2576	2320	9	3	0	0	285	15	southern_shrine.ogg
0	0	1344	1344	528	304	613
0	0	1400	888	400	256	537
0	0	1440	1000	32	64	303
0	0	1520	1048	80	64	303
0	0	1568	944	80	48	303
0	0	1736	976	48	48	303
0	0	1648	1064	112	32	303
0	0	1664	896	8	16	313
0	0	1792	1040	8	112	314
0	0	1392	1144	400	8	312
0	0	1400	880	144	8	311
0	0	1800	1056	24	96	233
0	0	1816	1040	64	24	234
0	0	1552	880	24	16	233
0	0	1520	1616	24	32	233
0	0	1320	1344	24	304	235
0	0	1320	1320	24	24	57
0	0	1344	1320	176	24	232
0	0	1872	1344	24	304	233
0	0	1872	1320	24	24	58
0	0	1520	1320	24	24	58
0	0	1672	1320	24	24	57
0	0	1696	1320	176	24	232
0	0	1520	1344	24	176	233
0	0	1672	1344	24	176	235
0	0	1536	1512	144	24	232
0	0	1520	1512	24	24	67
0	0	1672	1512	24	24	68
0	0	1536	1600	144	24	234
0	0	1504	1344	16	16	256
0	0	1696	1344	16	16	255
0	0	1520	1536	176	16	259
0	0	1504	1536	16	16	264
0	0	1504	1360	16	176	261
0	0	1696	1360	16	176	260
0	0	1344	1344	16	16	255
0	0	1360	1344	144	16	259
0	0	1344	1360	16	272	260
0	0	1856	1344	16	16	256
0	0	1712	1344	144	16	259
0	0	1856	1360	16	272	261
0	0	1520	1600	24	24	65
0	0	1672	1616	24	32	235
0	0	1672	1600	24	24	66
0	0	1520	1648	24	24	60
0	0	1672	1648	24	24	59
0	0	1320	1648	24	24	59
0	0	1344	1648	176	24	234
0	0	1504	1584	16	16	265
0	0	1504	1632	16	16	257
0	0	1504	1600	16	32	261
0	0	1360	1632	144	16	262
0	0	1344	1632	16	16	258
0	0	1872	1648	24	24	60
0	0	1856	1632	16	16	257
0	0	1696	1648	176	24	234
0	0	1696	1584	16	16	266
0	0	1696	1632	16	16	258
0	0	1696	1600	16	32	260
0	0	1712	1632	144	16	262
0	0	1520	1584	176	16	262
0	0	1696	1464	32	48	537
0	0	1840	1464	32	48	537
0	0	1696	1536	16	16	263
0	0	1832	1512	8	8	254
0	0	1832	1456	8	8	251
0	0	1728	1512	8	8	253
0	0	1728	1456	8	8	252
0	0	1728	1464	8	48	248
0	0	1696	1512	32	8	247
0	0	1840	1512	32	8	247
0	0	1832	1464	8	48	250
0	0	1696	1456	32	8	249
0	0	1840	1456	32	8	249
0	0	1344	1464	32	48	537
0	0	1488	1464	32	48	537
0	0	1480	1512	8	8	254
0	0	1480	1456	8	8	251
0	0	1376	1512	8	8	253
0	0	1376	1456	8	8	252
0	0	1376	1464	8	48	248
0	0	1344	1512	32	8	247
0	0	1488	1512	32	8	247
0	0	1480	1464	8	48	250
0	0	1344	1456	32	8	249
0	0	1488	1456	32	8	249
0	0	1640	872	24	24	57
0	0	1552	856	24	24	58
0	0	1568	888	80	24	232
0	0	1552	888	24	24	67
0	0	1640	888	24	24	68
0	0	1872	872	24	24	58
0	0	1664	872	208	24	232
0	0	1368	856	24	24	57
0	0	1392	856	160	24	232
0	0	1432	864	16	24	290
0	0	1424	864	8	24	288
0	0	1448	864	8	24	289
0	0	1368	1152	24	24	59
0	0	1368	880	24	272	235
0	0	1872	896	24	144	233
0	0	1872	1040	24	24	60
0	0	1800	1040	24	24	65
0	0	1392	1152	416	24	234
0	0	1800	1152	24	24	60
0	0	1392	880	8	8	307
0	0	1544	880	8	8	308
0	0	1392	1144	8	8	310
0	0	1544	888	8	32	314
0	0	1544	912	8	8	316
0	0	1392	888	8	256	313
0	0	1664	896	8	8	307
0	0	1864	896	8	8	308
0	0	1864	1032	8	8	309
0	0	1792	1144	8	8	309
0	0	1792	1032	8	8	317
0	0	1664	912	8	8	315
0	0	1672	896	192	8	311
0	0	1800	1032	64	8	312
0	0	1864	904	8	128	314
0	0	1552	912	112	8	311
0	0	1800	904	64	128	537
0	0	1344	1464	8	48	313
0	0	1344	1480	16	16	276
0	0	1512	1464	8	48	314
0	0	1504	1480	16	16	276
0	0	1696	1464	8	48	313
0	0	1864	1464	8	48	314
0	0	1696	1480	16	16	276
0	0	1856	1480	16	16	276
0	0	1440	1000	8	8	243
0	0	1568	944	8	8	243
0	0	1736	976	8	8	243
0	0	1648	1064	8	8	243
0	0	1520	1048	8	8	243
0	0	1464	1000	8	8	244
0	0	1640	944	8	8	244
0	0	1776	976	8	8	244
0	0	1752	1064	8	8	244
0	0	1592	1048	8	8	244
0	0	1464	1056	8	8	245
0	0	1640	984	8	8	245
0	0	1776	1016	8	8	245
0	0	1752	1088	8	8	245
0	0	1592	1104	8	8	245
0	0	1440	1056	8	8	246
0	0	1568	984	8	8	246
0	0	1736	1016	8	8	246
0	0	1648	1088	8	8	246
0	0	1520	1104	8	8	246
0	0	1448	1056	16	8	249
0	0	1528	1104	64	8	249
0	0	1656	1088	96	8	249
0	0	1744	1016	32	8	249
0	0	1576	984	64	8	249
0	0	1464	1008	8	48	250
0	0	1640	952	8	32	250
0	0	1776	984	8	32	250
0	0	1752	1072	8	16	250
0	0	1592	1056	8	48	250
0	0	1448	1000	16	8	247
0	0	1528	1048	64	8	247
0	0	1656	1064	96	8	247
0	0	1744	976	32	8	247
0	0	1576	944	64	8	247
0	0	1440	1008	8	48	248
0	0	1520	1056	8	48	248
0	0	1648	1072	8	16	248
0	0	1736	984	8	32	248
0	0	1568	952	8	32	248
0	0	1600	1064	48	32	2
0	0	1584	912	48	32	2
19	0	1432	864	stairs_7	1	4
7	0	1520	997	enemy	3	blue_pig_soldier	0	-1	_random	1	-1
7	0	1720	1029	enemy_2	3	red_pig_soldier	0	-1	_random	1	-1
7	0	1808	957	enemy_3	3	blue_hardhat_beetle	0	-1	_random	1	-1
7	0	1424	1037	enemy_4	3	red_hardhat_beetle	0	-1	_random	1	-1
7	0	1672	941	enemy_5	3	blue_hardhat_beetle	0	-1	_random	1	-1
7	0	1664	1141	enemy_6	3	red_hardhat_beetle	0	-1	_random	1	-1
7	0	1440	1125	enemy_7	3	blue_pig_soldier	0	-1	_random	1	-1
7	0	1624	1016	enemy_8	3	bubble	0	-1	_random	1	-1
7	0	1672	909	pike_1	3	pike_detect	0	-1	_random	1	-1
7	0	1864	909	pike_2	3	pike_detect	0	-1	_random	1	-1
7	0	1864	1037	pike_3	3	pike_detect	0	-1	_random	1	-1
7	0	1792	1037	pike_4	3	pike_detect	0	-1	_random	1	-1
7	0	1792	1149	pike_5	3	pike_detect	0	-1	_random	1	-1
7	0	1400	1149	pike_6	3	pike_detect	0	-1	_random	1	-1
7	0	1400	893	pike_7	3	pike_detect	0	-1	_random	1	-1
7	0	1544	893	pike_8	3	pike_detect	0	-1	_random	1	-1
12	0	1536	896	16	8	custom_obstacle_3	0	1	0	0
12	0	1664	912	16	8	custom_obstacle_4	0	1	0	0
12	0	1784	1016	16	8	custom_obstacle_5	0	1	0	0
12	0	1776	1024	8	16	custom_obstacle_6	0	1	0	0
4	0	1608	1077	0	arrow	2	-1
4	0	1624	1093	0	_random	1	-1
4	0	1640	1077	0	bomb	2	-1
4	0	1608	1093	0	_random	1	-1
4	0	1624	1077	0	_random	1	-1
4	0	1640	1093	0	heart	1	-1
4	0	1592	925	0	bomb	1	-1
4	0	1608	941	0	_random	1	-1
4	0	1624	925	0	magic_flask	2	-1
4	0	1592	941	0	heart	1	-1
4	0	1608	925	0	_random	1	-1
4	0	1624	941	0	heart	1	-1
0	1	1328	304	240	432	540
0	1	1008	304	240	432	540
0	1	1000	296	8	8	14
0	1	1008	296	240	8	179
0	1	1248	296	8	8	15
0	1	1248	304	8	432	238
0	1	1000	304	8	432	237
0	1	992	560	144	64	612
0	1	1200	576	64	48	612
0	1	1088	480	176	16	612
0	1	1216	368	48	48	612
0	1	1216	288	48	64	612
0	1	1088	288	128	32	612
0	1	992	288	48	64	612
0	1	1968	560	240	176	540
0	1	2032	664	112	8	70
0	1	2056	688	64	8	70
0	1	1648	304	240	176	540
0	1	1648	560	240	176	540
0	1	1968	304	240	176	540
0	1	2288	304	240	176	540
0	1	1824	1064	64	112	540
0	1	1320	1176	576	80	540
0	1	1888	1072	8	176	238
0	1	1320	808	256	48	540
0	1	1320	856	48	320	540
0	1	1648	808	240	64	540
0	1	1752	1320	64	352	540
0	1	1552	1320	112	192	540
0	1	1400	1320	64	352	540
0	1	1320	1672	576	96	540
0	1	1328	1840	560	176	540
0	1	1328	2096	560	176	540
0	1	1568	816	8	32	238
0	1	1640	816	8	48	237
0	1	976	272	24	24	45
0	1	1256	272	24	24	46
0	1	976	744	24	24	47
0	1	1256	744	24	24	48
0	1	1000	744	256	24	52
0	1	1616	272	24	24	45
0	1	1896	272	24	24	46
0	1	1616	488	24	24	47
0	1	1896	488	24	24	48
0	1	1640	488	256	24	52
0	1	1640	272	256	24	49
0	1	1896	296	24	192	50
0	1	1616	296	24	192	51
0	1	1640	296	8	8	14
0	1	1640	480	8	8	16
0	1	1888	480	8	8	17
0	1	1888	296	8	8	15
0	1	1648	296	240	8	179
0	1	1648	480	240	8	236
0	1	1640	304	8	176	237
0	1	1888	304	8	176	238
0	1	1616	528	24	24	45
0	1	1896	528	24	24	46
0	1	1616	744	24	24	47
0	1	1896	744	24	24	48
0	1	1640	744	256	24	52
0	1	1640	528	256	24	49
0	1	1896	552	24	192	50
0	1	1616	552	24	192	51
0	1	1640	552	8	8	14
0	1	1640	736	8	8	16
0	1	1888	736	8	8	17
0	1	1888	552	8	8	15
0	1	1648	552	240	8	179
0	1	1648	736	240	8	236
0	1	1640	560	8	176	237
0	1	1888	560	8	176	238
0	1	1936	272	24	24	45
0	1	2216	272	24	24	46
0	1	1936	488	24	24	47
0	1	2216	488	24	24	48
0	1	1960	488	256	24	52
0	1	1960	272	256	24	49
0	1	2216	296	24	192	50
0	1	1936	296	24	192	51
0	1	1960	296	8	8	14
0	1	1960	480	8	8	16
0	1	2208	480	8	8	17
0	1	2208	296	8	8	15
0	1	1968	296	240	8	179
0	1	1968	480	240	8	236
0	1	1960	304	8	176	237
0	1	2208	304	8	176	238
0	1	1936	528	24	24	45
0	1	2216	528	24	24	46
0	1	1936	744	24	24	47
0	1	2216	744	24	24	48
0	1	1960	744	256	24	52
0	1	1960	528	256	24	49
0	1	2216	552	24	192	50
0	1	1936	552	24	192	51
0	1	1960	552	8	8	14
0	1	1960	736	8	8	16
0	1	2208	736	8	8	17
0	1	2208	552	8	8	15
0	1	1968	552	240	8	179
0	1	1968	736	240	8	236
0	1	1960	560	8	176	237
0	1	2208	560	8	176	238
0	1	2256	272	24	24	45
0	1	2536	272	24	24	46
0	1	2256	488	24	24	47
0	1	2536	488	24	24	48
0	1	2280	488	256	24	52
0	1	2280	272	256	24	49
0	1	2536	296	24	192	50
0	1	2256	296	24	192	51
0	1	2280	296	8	8	14
0	1	2280	480	8	8	16
0	1	2528	480	8	8	17
0	1	2528	296	8	8	15
0	1	2288	296	240	8	179
0	1	2288	480	240	8	236
0	1	2280	304	8	176	237
0	1	2528	304	8	176	238
0	1	1000	272	256	24	49
0	1	1256	296	24	448	50
0	1	976	296	24	448	51
0	1	1000	736	8	8	16
0	1	1248	736	8	8	17
0	1	1008	736	240	8	236
0	1	1296	272	24	24	45
0	1	1576	272	24	24	46
0	1	1296	744	24	24	47
0	1	1576	744	24	24	48
0	1	1320	744	256	24	52
0	1	1320	272	256	24	49
0	1	1576	296	24	448	50
0	1	1296	296	24	448	51
0	1	1320	296	8	8	14
0	1	1568	296	8	8	15
0	1	1320	736	8	8	16
0	1	1568	736	8	8	17
0	1	1568	304	8	432	238
0	1	1320	304	8	432	237
0	1	1328	296	240	8	179
0	1	1328	736	240	8	236
0	1	1296	784	24	24	45
0	1	1576	784	24	24	46
0	1	1320	784	256	24	49
0	1	1576	808	24	64	50
0	1	1296	808	24	448	51
0	1	1320	808	8	8	14
0	1	1568	808	8	8	15
0	1	1328	808	240	8	179
0	1	1320	816	8	432	237
0	1	1296	1256	24	24	47
0	1	1320	1256	576	24	52
0	1	1320	1248	8	8	16
0	1	1328	1248	560	8	236
0	1	1616	784	24	24	45
0	1	1896	784	24	24	46
0	1	1640	784	256	24	49
0	1	1896	808	24	448	50
0	1	1616	808	24	64	51
0	1	1640	808	8	8	14
0	1	1888	808	8	8	15
0	1	1648	808	240	8	179
0	1	1888	816	8	48	238
0	1	1896	1256	24	24	48
0	1	1888	1248	8	8	17
0	1	1592	864	32	24	49
0	1	1616	864	24	24	56
0	1	1576	864	24	24	55
0	1	1296	1296	24	24	45
0	1	1320	1296	576	24	49
0	1	1296	1320	24	448	51
0	1	1408	1320	48	8	179
0	1	1320	1680	8	80	237
0	1	1296	1768	24	24	47
0	1	1320	1768	576	24	52
0	1	1320	1760	8	8	16
0	1	1328	1760	560	8	236
0	1	1896	1296	24	24	46
0	1	1896	1320	24	448	50
0	1	1888	1680	8	80	238
0	1	1896	1768	24	24	48
0	1	1888	1760	8	8	17
0	1	1296	1808	24	24	45
0	1	1896	1808	24	24	46
0	1	1296	2024	24	24	47
0	1	1896	2024	24	24	48
0	1	1320	2024	576	24	52
0	1	1320	1808	576	24	49
0	1	1896	1832	24	192	50
0	1	1296	1832	24	192	51
0	1	1320	1832	8	8	14
0	1	1320	2016	8	8	16
0	1	1888	2016	8	8	17
0	1	1888	1832	8	8	15
0	1	1328	1832	560	8	179
0	1	1328	2016	560	8	236
0	1	1320	1840	8	176	237
0	1	1888	1840	8	176	238
0	1	1296	2064	24	24	45
0	1	1896	2064	24	24	46
0	1	1296	2280	24	24	47
0	1	1896	2280	24	24	48
0	1	1320	2280	576	24	52
0	1	1320	2064	576	24	49
0	1	1896	2088	24	192	50
0	1	1296	2088	24	192	51
0	1	1320	2088	8	8	14
0	1	1320	2272	8	8	16
0	1	1888	2272	8	8	17
0	1	1888	2088	8	8	15
0	1	1328	2088	560	8	179
0	1	1328	2272	560	8	236
0	1	1320	2096	8	176	237
0	1	1888	2096	8	176	238
0	1	1256	344	16	8	79
0	1	1256	368	16	8	81
0	1	1304	344	16	8	78
0	1	1304	368	16	8	80
0	1	1304	352	16	16	82
0	1	1256	352	16	16	83
0	1	1272	352	32	16	540
0	1	1280	344	16	8	70
0	1	1280	368	16	8	70
0	1	1256	664	16	8	79
0	1	1256	688	16	8	81
0	1	1304	664	16	8	78
0	1	1304	688	16	8	80
0	1	1304	672	16	16	82
0	1	1256	672	16	16	83
0	1	1272	672	32	16	540
0	1	1280	664	16	8	70
0	1	1280	688	16	8	70
0	1	1576	344	16	8	79
0	1	1576	368	16	8	81
0	1	1624	344	16	8	78
0	1	1624	368	16	8	80
0	1	1624	352	16	16	82
0	1	1576	352	16	16	83
0	1	1592	352	32	16	540
0	1	1600	344	16	8	70
0	1	1600	368	16	8	70
0	1	1896	376	16	8	79
0	1	1896	400	16	8	81
0	1	1944	376	16	8	78
0	1	1944	400	16	8	80
0	1	1944	384	16	16	82
0	1	1896	384	16	16	83
0	1	1912	384	32	16	540
0	1	1920	376	16	8	70
0	1	1920	400	16	8	70
0	1	2216	376	16	8	79
0	1	2216	400	16	8	81
0	1	2264	376	16	8	78
0	1	2264	400	16	8	80
0	1	2264	384	16	16	82
0	1	2216	384	16	16	83
0	1	2232	384	32	16	540
0	1	2240	376	16	8	70
0	1	2240	400	16	8	70
0	1	1456	744	8	16	75
0	1	1432	744	8	16	74
0	1	1456	792	8	16	73
0	1	1432	792	8	16	72
0	1	1440	792	16	16	76
0	1	1440	744	16	16	77
0	1	1440	760	16	32	540
0	1	1432	768	8	16	71
0	1	1456	768	8	16	71
0	1	1776	744	8	16	75
0	1	1752	744	8	16	74
0	1	1776	792	8	16	73
0	1	1752	792	8	16	72
0	1	1760	792	16	16	76
0	1	1760	744	16	16	77
0	1	1760	760	16	32	540
0	1	1752	768	8	16	71
0	1	1776	768	8	16	71
0	1	1776	488	8	16	75
0	1	1752	488	8	16	74
0	1	1776	536	8	16	73
0	1	1752	536	8	16	72
0	1	1760	536	16	16	76
0	1	1760	488	16	16	77
0	1	1760	504	16	32	540
0	1	1752	512	8	16	71
0	1	1776	512	8	16	71
0	1	2096	488	8	16	75
0	1	2072	488	8	16	74
0	1	2096	536	8	16	73
0	1	2072	536	8	16	72
0	1	2080	536	16	16	76
0	1	2080	488	16	16	77
0	1	2080	504	16	32	540
0	1	2072	512	8	16	71
0	1	2096	512	8	16	71
0	1	1680	280	8	16	73
0	1	1656	280	8	16	72
0	1	1664	280	16	16	190
0	1	1872	280	8	16	73
0	1	1848	280	8	16	72
0	1	1856	280	16	16	190
0	1	1792	1304	8	16	73
0	1	1768	1304	8	16	72
0	1	1776	1304	16	16	190
0	1	1440	1256	8	16	75
0	1	1416	1256	8	16	74
0	1	1440	1304	8	16	73
0	1	1416	1304	8	16	72
0	1	1424	1304	16	16	76
0	1	1424	1256	16	16	77
0	1	1424	1272	16	32	540
0	1	1416	1280	8	16	71
0	1	1440	1280	8	16	71
0	1	1648	1256	8	16	75
0	1	1624	1256	8	16	74
0	1	1648	1304	8	16	73
0	1	1624	1304	8	16	72
0	1	1632	1304	16	16	76
0	1	1632	1256	16	16	77
0	1	1632	1272	16	32	540
0	1	1624	1280	8	16	71
0	1	1648	1280	8	16	71
0	1	1584	1304	8	16	73
0	1	1560	1304	8	16	72
0	1	1568	1304	16	16	190
0	1	1456	1768	8	16	75
0	1	1432	1768	8	16	74
0	1	1456	1816	8	16	73
0	1	1432	1816	8	16	72
0	1	1440	1816	16	16	76
0	1	1440	1768	16	16	77
0	1	1440	1784	16	32	540
0	1	1432	1792	8	16	71
0	1	1456	1792	8	16	71
0	1	1392	1816	8	16	73
0	1	1368	1816	8	16	72
0	1	1376	1816	16	16	190
0	1	1840	1816	8	16	73
0	1	1816	1816	8	16	72
0	1	1824	1816	16	16	190
0	1	1776	2024	8	16	75
0	1	1752	2024	8	16	74
0	1	1776	2072	8	16	73
0	1	1752	2072	8	16	72
0	1	1760	2072	16	16	76
0	1	1760	2024	16	16	77
0	1	1760	2040	16	32	540
0	1	1752	2048	8	16	71
0	1	1776	2048	8	16	71
0	1	1744	2128	80	16	612
0	1	1744	2144	16	16	612
0	1	1808	2144	16	16	612
0	1	1824	2144	16	80	612
0	1	1808	2208	16	16	612
0	1	1744	2224	80	16	612
0	1	1744	2208	16	16	612
0	1	1728	2144	16	80	612
0	1	1552	2128	128	16	612
0	1	1552	2144	16	16	612
0	1	1664	2144	16	16	612
0	1	1680	2144	16	80	612
0	1	1664	2208	16	16	612
0	1	1552	2224	128	16	612
0	1	1552	2208	16	16	612
0	1	1536	2144	16	80	612
0	1	1408	2128	80	16	612
0	1	1408	2144	16	16	612
0	1	1472	2144	16	16	612
0	1	1488	2144	16	80	612
0	1	1472	2208	16	16	612
0	1	1408	2224	80	16	612
0	1	1408	2208	16	16	612
0	1	1392	2144	16	80	612
0	1	1880	2088	16	16	276
0	1	1880	2264	16	16	276
0	1	1320	2264	16	16	276
0	1	1320	2088	16	16	276
0	1	1440	2176	16	16	2
0	1	1776	2176	16	16	2
0	1	1360	1904	16	16	619
0	1	1360	1984	16	16	619
0	1	1568	1904	16	16	619
0	1	1568	1984	16	16	619
0	1	1664	1984	16	16	619
0	1	1664	1904	16	16	619
0	1	1792	1984	16	16	619
0	1	1792	1904	16	16	619
0	1	1760	1320	48	8	179
0	1	1552	1320	112	8	179
0	1	1360	1296	16	32	341
0	1	1488	1296	16	32	341
0	1	1840	1296	16	32	341
0	1	1712	1296	16	32	341
0	1	1544	1328	8	176	71
0	1	1664	1328	8	176	71
0	1	1544	1320	8	8	69
0	1	1664	1320	8	8	69
0	1	1544	1504	8	8	69
0	1	1664	1504	8	8	69
0	1	1480	1736	64	16	619
0	1	1528	1752	16	16	619
0	1	1480	1704	64	16	619
0	1	1528	1672	16	32	619
0	1	1672	1672	16	32	619
0	1	1672	1704	64	16	619
0	1	1672	1736	64	16	619
0	1	1672	1752	16	16	619
0	1	1400	1328	8	344	71
0	1	1456	1328	8	344	71
0	1	1400	1320	8	8	69
0	1	1456	1320	8	8	69
0	1	1520	1672	8	8	69
0	1	1320	1672	8	8	69
0	1	1328	1672	72	8	70
0	1	1464	1672	56	8	70
0	1	1400	1672	8	8	69
0	1	1456	1672	8	8	69
0	1	1688	1672	8	8	69
0	1	1888	1672	8	8	69
0	1	1752	1320	8	8	69
0	1	1808	1320	8	8	69
0	1	1752	1328	8	344	71
0	1	1808	1328	8	344	71
0	1	1696	1672	56	8	70
0	1	1816	1672	72	8	70
0	1	1752	1672	8	8	69
0	1	1808	1672	8	8	69
0	1	1368	1704	16	16	276
0	1	1544	1624	128	64	540
0	1	1640	864	8	8	69
0	1	1656	864	8	8	69
0	1	1648	864	8	8	70
0	1	1872	864	8	8	69
0	1	1888	864	8	8	69
0	1	1880	864	8	8	70
0	1	1568	848	8	8	69
0	1	1552	848	8	8	69
0	1	1560	848	8	8	70
0	1	1672	832	16	16	276
0	1	1856	832	16	16	276
0	1	1424	856	32	8	287
0	1	1320	808	16	16	276
0	1	1384	848	8	8	69
0	1	1360	848	8	8	69
0	1	1360	872	8	8	69
0	1	1368	848	16	8	70
0	1	1360	856	8	16	71
0	1	1360	1176	8	8	69
0	1	1360	1152	8	8	69
0	1	1384	1176	8	8	69
0	1	1360	1160	8	16	71
0	1	1368	1176	16	8	70
0	1	1888	1064	8	8	69
0	1	1872	1064	8	8	69
0	1	1824	1152	8	8	69
0	1	1824	1176	8	8	69
0	1	1800	1176	8	8	69
0	1	1808	1176	16	8	70
0	1	1880	1064	8	8	70
0	1	1824	1160	8	16	71
0	1	1320	1240	16	16	276
0	1	1880	1240	16	16	276
0	1	1544	1248	8	8	69
0	1	1664	1248	8	8	69
0	1	1664	1176	8	8	69
0	1	1544	1176	8	8	69
0	1	1544	1184	8	64	71
0	1	1664	1184	8	64	71
0	1	2320	336	16	16	619
0	1	2320	384	16	16	619
0	1	2320	432	16	16	619
0	1	2480	336	16	16	619
0	1	2480	384	16	16	619
0	1	2480	432	16	16	619
0	1	2400	336	16	16	619
0	1	2336	344	8	8	69
0	1	2392	344	8	8	69
0	1	2416	344	8	8	69
0	1	2472	344	8	8	69
0	1	2480	352	8	8	69
0	1	2480	376	8	8	69
0	1	2480	400	8	8	69
0	1	2480	424	8	8	69
0	1	2472	432	8	8	69
0	1	2336	432	8	8	69
0	1	2328	424	8	8	69
0	1	2328	400	8	8	69
0	1	2328	376	8	8	69
0	1	2328	352	8	8	69
0	1	2376	432	8	8	69
0	1	2432	432	8	8	69
0	1	2384	432	16	16	619
0	1	2416	432	16	16	619
0	1	2344	432	32	8	70
0	1	2440	432	32	8	70
0	1	2424	344	48	8	70
0	1	2344	344	48	8	70
0	1	2328	360	8	16	71
0	1	2328	408	8	16	71
0	1	2480	408	8	16	71
0	1	2480	360	8	16	71
0	1	2008	424	16	8	311
0	1	2160	424	16	8	311
0	1	2008	352	16	8	312
0	1	2160	352	16	8	312
0	1	2120	328	8	16	313
0	1	2152	344	8	16	313
0	1	2168	360	8	16	313
0	1	2168	416	8	16	313
0	1	2152	432	8	16	313
0	1	2120	448	8	16	313
0	1	2000	360	8	16	314
0	1	2016	344	8	16	314
0	1	2048	328	8	16	314
0	1	2000	408	8	16	314
0	1	2016	432	8	16	314
0	1	2048	440	8	16	314
0	1	2024	336	32	8	312
0	1	2128	336	32	8	312
0	1	2176	368	16	8	312
0	1	1992	368	16	8	312
0	1	2128	440	32	8	311
0	1	2176	408	16	8	311
0	1	1992	408	16	8	311
0	1	2056	456	64	8	311
0	1	2056	320	64	8	312
0	1	1984	376	8	32	314
0	1	2184	376	8	32	313
0	1	1984	368	8	8	317
0	1	2048	320	8	8	317
0	1	1984	408	8	8	316
0	1	2048	456	8	8	316
0	1	2120	320	8	8	318
0	1	2184	368	8	8	318
0	1	2120	456	8	8	315
0	1	2184	408	8	8	315
0	1	2024	440	32	8	311
0	1	2000	368	8	8	309
0	1	2048	336	8	8	309
0	1	2120	440	8	8	307
0	1	2168	408	8	8	307
0	1	2000	408	8	8	308
0	1	2048	440	8	8	308
0	1	2120	336	8	8	310
0	1	2168	368	8	8	310
0	1	2000	352	8	8	317
0	1	2016	336	8	8	317
0	1	2152	336	8	8	318
0	1	2168	352	8	8	318
0	1	2016	440	8	8	316
0	1	2000	424	8	8	316
0	1	2152	440	8	8	315
0	1	2168	424	8	8	315
0	1	2016	352	8	8	309
0	1	2152	424	8	8	307
0	1	2016	424	8	8	308
0	1	2152	352	8	8	310
0	1	2024	344	128	96	537
0	1	2056	440	64	16	537
0	1	2056	328	64	16	537
0	1	2152	360	16	64	537
0	1	2168	376	16	32	537
0	1	2008	360	16	64	537
0	1	1992	376	16	32	537
0	1	1736	560	64	176	537
0	1	1728	560	8	176	314
0	1	1800	560	8	176	313
0	1	1696	592	16	16	276
0	1	1696	624	16	16	276
0	1	1696	656	16	16	276
0	1	1696	688	16	16	276
0	1	1824	592	16	16	276
0	1	1824	624	16	16	276
0	1	1824	656	16	16	276
0	1	1824	688	16	16	276
0	1	1680	336	176	16	619
0	1	1680	432	176	16	619
0	1	1840	352	16	80	619
0	1	1680	352	16	80	619
0	1	1728	384	16	16	276
0	1	1792	384	16	16	276
0	1	1216	352	16	16	612
0	1	1168	384	48	32	612
0	1	1024	400	144	16	612
0	1	1168	336	32	48	612
0	1	1152	320	16	32	612
0	1	1088	320	48	32	612
0	1	1120	352	16	16	612
0	1	1136	368	32	16	612
0	1	1088	352	16	32	612
0	1	1056	320	32	16	612
0	1	1056	336	16	32	612
0	1	1072	352	16	16	612
0	1	1024	368	48	32	612
0	1	1040	336	16	16	612
0	1	1056	416	8	8	69
0	1	1248	416	8	8	69
0	1	1248	472	8	8	69
0	1	1056	472	8	8	69
0	1	1064	416	184	8	70
0	1	1064	472	184	8	70
0	1	1216	424	16	16	612
0	1	1184	440	16	32	612
0	1	1152	424	16	16	612
0	1	1056	424	64	48	612
0	1	1120	440	16	16	612
0	1	1152	440	16	16	276
0	1	1216	440	16	16	276
0	1	1024	416	32	128	612
0	1	1056	480	16	64	612
0	1	1088	496	48	32	612
0	1	1088	528	64	16	612
0	1	1152	512	80	32	612
0	1	1200	544	32	16	612
0	1	1200	560	16	16	612
0	1	1152	544	32	32	612
0	1	1088	544	16	16	612
0	1	1136	576	48	48	612
0	1	1184	576	16	16	612
0	1	1184	608	16	16	612
0	1	1184	656	32	32	323
0	1	1040	656	32	32	323
0	1	2048	584	8	8	69
0	1	2048	704	8	8	69
0	1	2072	576	8	8	69
0	1	2096	576	8	8	69
0	1	2120	584	8	8	69
0	1	2072	712	8	8	69
0	1	2096	712	8	8	69
0	1	2120	704	8	8	69
0	1	2144	600	8	8	69
0	1	2144	688	8	8	69
0	1	2168	664	8	8	69
0	1	2168	624	8	8	69
0	1	2024	600	8	8	69
0	1	2024	688	8	8	69
0	1	2000	664	8	8	69
0	1	2000	624	8	8	69
0	1	2072	584	8	80	71
0	1	2096	584	8	80	71
0	1	2024	608	8	16	71
0	1	2144	608	8	16	71
0	1	2048	672	8	16	71
0	1	2120	672	8	16	71
0	1	2024	664	8	8	69
0	1	2144	664	8	8	69
0	1	2072	664	8	8	69
0	1	2096	664	8	8	69
0	1	2072	688	8	8	69
0	1	2096	688	8	8	69
0	1	2032	600	16	8	70
0	1	2032	624	16	8	70
0	1	2128	600	16	8	70
0	1	2128	624	16	8	70
0	1	2048	600	8	8	69
0	1	2048	624	8	8	69
0	1	2024	624	8	8	69
0	1	2120	600	8	8	69
0	1	2120	624	8	8	69
0	1	2144	624	8	8	69
0	1	2048	608	8	16	71
0	1	2120	608	8	16	71
0	1	2120	696	8	8	71
0	1	2096	696	8	16	71
0	1	2072	696	8	16	71
0	1	2048	696	8	8	71
0	1	2024	632	8	32	71
0	1	2048	632	8	32	71
0	1	2120	632	8	32	71
0	1	2144	632	8	32	71
0	1	2168	632	8	32	71
0	1	2000	632	8	32	71
0	1	2048	592	8	8	71
0	1	2120	592	8	8	71
0	1	2048	688	8	8	69
0	1	2048	664	8	8	69
0	1	2120	664	8	8	69
0	1	2120	688	8	8	69
0	1	2024	672	8	16	71
0	1	2144	672	8	16	71
0	1	1960	552	16	16	276
0	1	2200	552	16	16	276
0	1	2200	728	16	16	276
0	1	1960	728	16	16	276
0	1	1544	1624	8	8	69
0	1	1544	1672	8	8	69
0	1	1544	1632	8	40	71
0	1	1664	1624	8	8	69
0	1	1664	1672	8	8	69
0	1	1664	1632	8	40	71
0	1	1752	592	32	32	563
0	1	1752	592	8	8	243
0	1	1760	592	16	8	247
0	1	1776	592	8	8	244
0	1	1752	600	8	16	248
0	1	1776	600	8	16	250
0	1	1776	616	8	8	245
0	1	1752	616	8	8	246
0	1	1760	616	16	8	249
0	1	1072	384	48	16	612
0	1	1072	480	16	48	612
0	1	1256	440	16	16	95
0	1	1256	456	16	8	512
0	1	1256	432	16	8	511
0	1	1304	440	16	16	94
0	1	1304	456	16	8	514
0	1	1304	432	16	8	513
0	1	1280	432	16	8	70
0	1	1280	456	16	8	70
0	1	1272	440	32	16	540
0	1	1528	744	16	16	89
0	1	1528	792	16	16	88
0	1	1544	744	8	16	516
0	1	1520	744	8	16	515
0	1	1520	792	8	16	517
0	1	1544	792	8	16	518
0	1	1528	760	16	32	540
0	1	1520	768	8	16	71
0	1	1544	768	8	16	71
0	1	1400	664	96	80	612
0	1	1328	504	16	16	3
0	1	1056	424	8	48	71
0	1	1384	640	16	16	325
0	1	1496	640	16	16	325
0	1	1400	640	96	24	324
0	1	1384	656	16	64	326
0	1	1384	720	16	24	363
0	1	1496	656	16	64	326
0	1	1496	720	16	24	363
0	1	1408	296	16	16	325
0	1	1360	416	16	24	363
0	1	1408	416	16	24	363
0	1	1408	312	16	104	326
0	1	1376	416	32	24	324
0	1	1392	320	16	48	2
0	1	1320	472	16	24	363
0	1	1360	472	16	24	363
0	1	1336	472	24	24	324
0	1	1408	472	16	24	363
0	1	1424	472	48	24	324
0	1	1472	432	16	16	325
0	1	1472	472	16	24	363
0	1	1472	448	16	24	326
0	1	1472	328	16	16	325
0	1	1472	376	16	24	363
0	1	1472	344	16	32	326
0	1	1376	584	40	24	324
0	1	1360	584	16	24	363
0	1	1560	584	16	24	363
0	1	1520	528	16	24	363
0	1	1360	528	16	24	363
0	1	1376	528	96	24	324
0	1	1520	432	16	16	325
0	1	1520	448	16	80	326
0	1	1480	584	80	24	324
0	1	1464	584	16	24	363
0	1	1416	584	16	24	363
0	1	1472	528	16	24	363
0	1	1552	1624	112	8	70
15	1	1376	1840	16	48	1
15	1	1440	1840	16	64	1
15	1	1392	1840	48	48	0
15	1	1376	1888	64	16	0
15	1	1376	2000	128	16	0
15	1	1376	1968	192	16	0
15	1	1376	1920	64	32	0
15	1	1440	1920	16	48	1
15	1	1376	1952	64	16	1
15	1	1456	1920	32	48	0
15	1	1456	1840	32	64	0
15	1	1488	1952	80	16	1
15	1	1488	1920	16	32	1
15	1	1488	1872	16	32	1
15	1	1488	1856	80	16	1
15	1	1488	1840	80	16	0
15	1	1504	1872	64	32	0
15	1	1504	1920	64	32	0
15	1	1504	2000	64	16	1
15	1	1584	1856	80	16	1
15	1	1584	1952	80	16	1
15	1	1584	2000	80	16	1
15	1	1616	1920	16	32	1
15	1	1584	1840	80	16	0
15	1	1584	1872	80	32	0
15	1	1584	1920	32	32	0
15	1	1632	1920	32	32	0
15	1	1584	1968	80	32	0
15	1	1680	1856	48	16	1
15	1	1712	1872	16	32	1
15	1	1680	1952	16	16	1
15	1	1680	2000	48	16	1
15	1	1712	1920	16	64	1
15	1	1728	1936	48	16	1
15	1	1760	1920	16	16	1
15	1	1760	1872	16	32	1
15	1	1776	1872	16	16	1
15	1	1680	1920	32	32	0
15	1	1696	1952	16	32	0
15	1	1680	1968	16	16	0
15	1	1680	1872	32	32	0
15	1	1680	1840	48	16	0
15	1	1728	1840	32	96	0
15	1	1728	1952	32	64	0
15	1	1776	1888	16	16	0
15	1	1760	1840	32	32	0
15	1	1776	1920	16	48	0
15	1	1760	1952	16	16	0
15	1	1776	2000	16	16	0
15	1	1760	2000	16	16	1
15	1	1760	1968	32	16	1
15	1	1808	1968	48	16	1
15	1	1840	1920	16	48	1
15	1	1824	1840	16	48	1
15	1	1808	1872	16	16	1
15	1	1840	1872	16	32	1
15	1	1808	2000	80	16	0
15	1	1856	1920	32	64	0
15	1	1808	1920	32	48	0
15	1	1808	1888	32	16	0
15	1	1808	1840	16	32	0
15	1	1840	1840	48	32	0
15	1	1856	1872	32	32	0
17	1	1728	1733	4
17	1	1712	1733	4
17	1	1696	1733	4
17	1	1680	1733	4
17	1	1536	1733	4
17	1	1520	1733	4
17	1	1504	1733	4
17	1	1488	1733	4
14	1	2408	397	crystal
15	1	1648	448	32	32	0
15	1	1856	320	32	16	0
15	1	1856	448	32	32	1
15	1	1840	304	16	32	0
15	1	1680	304	16	32	1
15	1	1648	320	32	16	1
15	1	1376	496	32	32	1
15	1	1432	608	32	32	0
15	1	1488	400	32	32	1
15	1	1552	336	16	16	1
15	1	1536	352	16	16	1
15	1	1552	368	16	16	1
1	1	1672	293	from_3f_nw	3	0
1	1	1864	293	from_3f_ne	3	0
1	1	1576	1317	from_3f_cw	3	0
1	1	1784	1317	from_3f_ce	3	0
1	1	1384	1829	from_3f_sw	3	0
1	1	1832	1829	from_3f_se	3	0
2	1	1664	280	16	16	teletransporter	0	1	107	from_4f_nw
2	1	1856	280	16	16	teletransporter_2	0	1	107	from_4f_ne
19	1	1664	280	stairs	1	1
19	1	1856	280	stairs_2	1	1
2	1	1568	1304	16	16	teletransporter_3	0	1	107	from_4f_cw
2	1	1776	1304	16	16	teletransporter_4	0	1	107	from_4f_ce
2	1	1376	1816	16	16	teletransporter_5	0	1	107	from_4f_sw
2	1	1824	1816	16	16	teletransporter_6	0	1	107	from_4f_se
19	1	1568	1304	stairs_3	1	1
19	1	1776	1304	stairs_4	1	1
19	1	1376	1816	stairs_5	1	1
19	1	1824	1816	stairs_6	1	1
6	1	1392	856	32	8	jumper	6	40
6	1	1456	856	96	8	jumper_2	6	40
12	1	1424	856	8	8	custom_obstacle	1	1	1	1
12	1	1448	856	8	8	custom_obstacle_2	1	1	1	1
6	1	1368	880	8	272	jumper_3	0	40
6	1	1664	872	208	8	jumper_4	6	40
6	1	1824	1056	48	8	jumper_5	2	40
6	1	1392	1168	408	8	jumper_6	2	40
6	1	1816	1064	8	88	jumper_7	4	40
5	1	1600	1648	chest_b	0	small_key	1	873
6	1	1552	1512	112	8	jumper_8	6	40
14	1	1088	453	crystal_2
2	1	1752	592	32	32	teletransporter_7	0	1	107	from_4f_hole
18	1	1304	440	weak_wall_a	2	5	867
18	1	1256	440	weak_wall_a_2	0	5	867
10	1	1256	424	24	48	weak_wall_a_closed	50	1
10	1	1296	424	24	48	weak_wall_a_closed_2	51	1
18	1	1528	792	weak_wall_b	1	5	868
18	1	1528	744	weak_wall_b_2	3	5	868
10	1	1512	744	48	24	weak_wall_b_closed	52	1
10	1	1512	784	48	24	weak_wall_b_closed_2	49	1
18	1	1256	344	door	0	1	869
18	1	1304	344	door_2	2	1	869
11	1	1120	672	door_ab_switch	1	0	0
4	1	1128	685	0	_none	1	-1
5	1	1328	504	chest_a	0	small_key	1	872
11	1	1392	304	chest_a_switch	1	0	0
4	1	1400	317	0	_none	1	-1
14	1	1448	693	crystal_3
4	1	1400	333	0	_random	1	-1
4	1	1400	349	0	_random	1	-1
4	1	1400	365	0	_random	1	-1
18	1	1752	2072	door_3	1	1	874
18	1	1752	2024	door_4	3	1	874
4	1	1448	2189	0	heart	1	-1
4	1	1784	2189	0	bomb	1	-1
5	1	1600	2168	chest	1	magic_cape	1	875
7	1	1504	2125	enemy_9	3	blue_pig_soldier	0	-1	_random	1	-1
7	1	1712	2253	enemy_10	3	red_pig_soldier	0	-1	_random	1	-1
7	1	2032	373	enemy_11	3	tentacle	0	-1	_random	1	-1
7	1	2144	421	enemy_12	3	tentacle	0	-1	_random	1	-1
7	1	2040	653	chest_c_enemy_1	3	red_pig_soldier	0	-1	_random	1	-1
7	1	2136	653	chest_c_enemy_2	3	red_pig_soldier	0	-1	_random	1	-1
12	1	1760	2072	16	16	custom_obstacle_7	0	1	0	0
12	1	1944	384	16	16	custom_obstacle_8	0	1	0	0
12	1	2080	488	16	16	custom_obstacle_9	0	1	0	0
12	1	2216	384	16	16	custom_obstacle_10	0	1	0	0
5	1	2080	696	chest_c	0	small_key	1	876
7	1	2036	429	enemy_15	3	gibdo	0	-1	_random	1	-1
7	1	2140	365	enemy_16	3	gibdo	0	-1	_random	1	-1
0	2	1720	2040	96	8	626
0	2	1720	2064	96	8	625
0	2	1784	1808	96	8	625
0	2	1400	1784	96	8	626
0	2	1336	1808	160	8	625
0	2	1736	1296	96	8	625
0	2	1528	1296	160	8	625
0	2	1592	1272	96	8	626
0	2	1384	1272	96	8	626
0	2	1384	1296	96	8	625
0	2	1392	760	192	8	626
0	2	1392	784	192	8	625
0	2	1720	760	96	8	626
0	2	1720	784	96	8	625
0	2	2040	504	96	8	626
0	2	2040	528	96	8	625
0	2	1720	504	96	8	626
0	2	1720	528	96	8	625
0	2	1816	272	96	8	625
0	2	1624	272	96	8	625
0	2	2256	344	8	96	627
0	2	2232	344	8	96	628
0	2	1936	344	8	96	627
0	2	1912	344	8	96	628
0	2	1296	632	8	96	627
0	2	1272	632	8	96	628
0	2	1616	312	8	96	627
0	2	1592	312	8	96	628
0	2	1296	312	8	192	627
0	2	1272	312	8	192	628
0	2	960	256	16	512	170
0	2	976	256	1600	16	170
0	2	1280	272	16	496	170
0	2	1600	272	16	592	170
0	2	1616	512	624	16	170
0	2	1920	272	16	496	170
0	2	2560	272	16	240	170
0	2	2240	272	16	240	170
0	2	2240	512	336	256	170
0	2	1296	768	624	16	170
0	2	1296	1280	624	16	170
0	2	1296	1792	624	16	170
0	2	1296	2048	624	16	170
0	2	1296	2304	624	16	170
0	2	1272	344	8	32	163
0	2	1296	344	8	32	162
0	2	1272	664	8	32	163
0	2	1296	664	8	32	162
0	2	1592	344	8	32	163
0	2	1616	344	8	32	162
0	2	1912	376	8	32	163
0	2	1936	376	8	32	162
0	2	2232	376	8	32	163
0	2	2256	376	8	32	162
0	2	1432	784	32	8	431
0	2	1432	760	32	8	432
0	2	1752	784	32	8	431
0	2	1752	760	32	8	432
0	2	1752	528	32	8	431
0	2	1752	504	32	8	432
0	2	2072	528	32	8	431
0	2	2072	504	32	8	432
0	2	1656	272	32	8	429
0	2	1664	272	16	8	435
0	2	1848	272	32	8	429
0	2	1856	272	16	8	435
0	2	1768	1296	32	8	429
0	2	1776	1296	16	8	435
0	2	1416	1296	32	8	431
0	2	1416	1272	32	8	432
0	2	1624	1296	32	8	431
0	2	1624	1272	32	8	432
0	2	1560	1296	32	8	429
0	2	1568	1296	16	8	435
0	2	1432	1808	32	8	431
0	2	1432	1784	32	8	432
0	2	1368	1808	32	8	429
0	2	1376	1808	16	8	435
0	2	1816	1808	32	8	429
0	2	1824	1808	16	8	435
0	2	1752	2064	32	8	431
0	2	1752	2040	32	8	432
0	2	960	768	336	216	170
0	2	1920	768	656	216	170
0	2	744	0	216	984	170
0	2	960	0	1616	256	170
0	2	1920	984	216	1336	170
0	2	1080	984	216	1336	170
10	2	1272	432	8	32	weak_wall_a_open	355	1
10	2	1296	432	8	32	weak_wall_a_open_2	354	1
10	2	1520	784	32	8	weak_wall_b_open	187	1
10	2	1520	760	32	8	weak_wall_b_open_2	188	1
18	2	1256	664	door_a	0	0	870
18	2	1304	664	door_a_2	2	0	870
18	2	1576	344	door_b	0	0	871
18	2	1624	344	door_b_2	2	0	871
