1616	1040	-1	-100	0	0	-1	8	same
0	1	48	304	240	176	360
0	1	192	440	8	16	238
0	1	136	440	8	16	237
0	1	192	328	8	16	238
0	1	136	328	8	16	237
0	1	344	336	96	24	49
0	1	432	280	24	64	51
0	1	16	272	24	24	45
0	1	296	272	24	24	46
0	1	16	488	24	24	47
0	1	296	488	24	24	48
0	1	40	272	256	24	49
0	1	16	296	24	192	51
0	1	40	488	256	24	52
0	1	296	296	24	192	50
0	1	336	16	24	24	45
0	1	616	16	24	24	46
0	1	336	232	24	24	47
0	1	616	232	24	24	48
0	1	360	16	256	24	49
0	1	336	40	24	192	51
0	1	360	232	256	24	52
0	1	616	40	24	192	50
0	1	656	16	24	24	45
0	1	936	16	24	24	46
0	1	656	232	24	24	47
0	1	936	232	24	24	48
0	1	680	16	256	24	49
0	1	656	40	24	192	51
0	1	680	232	256	24	52
0	1	936	40	24	192	50
0	1	976	16	24	24	45
0	1	1256	16	24	24	46
0	1	976	232	24	24	47
0	1	1256	232	24	24	48
0	1	1000	16	256	24	49
0	1	976	40	24	192	51
0	1	1000	232	256	24	52
0	1	1256	40	24	192	50
0	1	432	272	24	24	45
0	1	520	272	24	24	46
0	1	432	488	24	24	47
0	1	520	488	24	24	48
0	1	456	272	64	24	49
0	1	336	360	24	64	51
0	1	456	488	64	24	52
0	1	616	360	24	64	50
0	1	656	272	24	24	45
0	1	936	272	24	24	46
0	1	656	488	24	24	47
0	1	936	488	24	24	48
0	1	680	272	256	24	49
0	1	656	296	24	192	51
0	1	680	488	256	24	52
0	1	936	296	24	192	50
0	1	976	272	24	24	45
0	1	1256	272	24	24	46
0	1	976	488	24	24	47
0	1	1256	488	24	24	48
0	1	1000	272	256	24	49
0	1	976	296	24	192	51
0	1	1000	488	256	24	52
0	1	1256	296	24	192	50
0	1	336	528	24	24	45
0	1	616	528	24	24	46
0	1	336	744	24	24	47
0	1	616	744	24	24	48
0	1	360	528	256	24	49
0	1	336	552	24	192	51
0	1	360	744	256	24	52
0	1	616	552	24	192	50
0	1	656	528	24	24	45
0	1	936	528	24	24	46
0	1	656	744	24	24	47
0	1	936	744	24	24	48
0	1	680	528	256	24	49
0	1	656	552	24	192	51
0	1	680	744	256	24	52
0	1	936	552	24	192	50
0	1	336	784	24	24	45
0	1	336	1000	24	24	47
0	1	360	784	576	24	49
0	1	336	808	24	192	51
0	1	360	1000	576	24	52
0	1	936	784	24	24	46
0	1	936	1000	24	24	48
0	1	936	808	24	192	50
0	1	976	784	24	24	45
0	1	1256	784	24	24	46
0	1	976	1000	24	24	47
0	1	1256	1000	24	24	48
0	1	1000	784	256	24	49
0	1	976	808	24	192	51
0	1	1000	1000	256	24	52
0	1	1256	808	24	192	50
0	1	1296	528	24	24	45
0	1	1576	528	24	24	46
0	1	1296	744	24	24	47
0	1	1576	744	24	24	48
0	1	1320	528	256	24	49
0	1	1296	552	24	192	51
0	1	1320	744	256	24	52
0	1	1576	552	24	192	50
0	1	368	48	240	176	319
0	1	360	40	8	8	14
0	1	360	224	8	8	16
0	1	608	224	8	8	17
0	1	608	40	8	8	15
0	1	360	48	8	176	237
0	1	368	224	240	8	236
0	1	608	48	8	176	238
0	1	368	40	240	8	179
0	1	680	40	8	8	14
0	1	680	224	8	8	16
0	1	928	224	8	8	17
0	1	928	40	8	8	15
0	1	680	48	8	176	237
0	1	688	224	240	8	236
0	1	928	48	8	176	238
0	1	688	40	240	8	179
0	1	1000	40	8	8	14
0	1	1000	224	8	8	16
0	1	1248	224	8	8	17
0	1	1248	40	8	8	15
0	1	1000	48	8	176	237
0	1	1008	224	240	8	236
0	1	1248	48	8	176	238
0	1	1008	40	240	8	179
0	1	688	304	240	176	319
0	1	680	296	8	8	14
0	1	680	480	8	8	16
0	1	928	480	8	8	17
0	1	928	296	8	8	15
0	1	680	304	8	176	237
0	1	688	480	240	8	236
0	1	928	304	8	176	238
0	1	688	296	240	8	179
0	1	40	296	8	8	14
0	1	40	480	8	8	16
0	1	288	480	8	8	17
0	1	288	296	8	8	15
0	1	40	304	8	176	237
0	1	48	480	240	8	236
0	1	288	304	8	176	238
0	1	48	296	240	8	179
0	1	1008	304	240	176	319
0	1	1000	296	8	8	14
0	1	1000	480	8	8	16
0	1	1248	480	8	8	17
0	1	1248	296	8	8	15
0	1	1000	304	8	176	237
0	1	1008	480	240	8	236
0	1	1248	304	8	176	238
0	1	1008	296	240	8	179
0	1	368	560	240	176	319
0	1	360	552	8	8	14
0	1	360	736	8	8	16
0	1	608	736	8	8	17
0	1	608	552	8	8	15
0	1	360	560	8	176	237
0	1	368	736	240	8	236
0	1	608	560	8	176	238
0	1	368	552	240	8	179
0	1	688	560	240	176	319
0	1	680	552	8	8	14
0	1	680	736	8	8	16
0	1	928	736	8	8	17
0	1	928	552	8	8	15
0	1	680	560	8	176	237
0	1	688	736	240	8	236
0	1	928	560	8	176	238
0	1	688	552	240	8	179
0	1	1008	816	240	176	319
0	1	1000	808	8	8	14
0	1	1000	992	8	8	16
0	1	1248	992	8	8	17
0	1	1248	808	8	8	15
0	1	1000	816	8	176	237
0	1	1008	992	240	8	236
0	1	1248	816	8	176	238
0	1	1008	808	240	8	179
0	1	360	808	8	8	14
0	1	360	992	8	8	16
0	1	928	992	8	8	17
0	1	928	808	8	8	15
0	1	360	816	8	176	237
0	1	368	992	560	8	236
0	1	928	816	8	176	238
0	1	368	808	560	8	179
0	1	1328	560	240	176	319
0	1	1320	552	8	8	14
0	1	1320	736	8	8	16
0	1	1568	736	8	8	17
0	1	1568	552	8	8	15
0	1	1320	560	8	176	237
0	1	1328	736	240	8	236
0	1	1568	560	8	176	238
0	1	1328	552	240	8	179
0	1	336	424	24	24	47
0	1	336	336	24	24	45
0	1	616	336	24	24	46
0	1	616	424	24	24	48
0	1	432	336	24	24	56
0	1	360	424	80	24	52
0	1	432	440	24	48	51
0	1	520	440	24	48	50
0	1	536	424	80	24	52
0	1	536	336	80	24	49
0	1	520	296	24	48	50
0	1	520	336	24	24	55
0	1	520	424	24	24	53
0	1	432	424	24	24	54
0	1	368	368	240	48	421
0	1	464	304	48	176	421
0	1	456	296	8	8	14
0	1	360	360	8	8	14
0	1	360	416	8	8	16
0	1	456	480	8	8	16
0	1	512	480	8	8	17
0	1	608	416	8	8	17
0	1	608	360	8	8	15
0	1	512	296	8	8	15
0	1	464	296	48	8	179
0	1	464	480	48	8	236
0	1	368	416	96	8	236
0	1	368	360	96	8	179
0	1	512	360	96	8	179
0	1	512	416	96	8	236
0	1	456	304	8	64	237
0	1	456	416	8	64	237
0	1	512	416	8	64	238
0	1	360	368	8	48	237
0	1	608	368	8	48	238
0	1	512	304	8	64	238
0	1	456	360	8	8	239
0	1	512	360	8	8	240
0	1	456	416	8	8	242
0	1	512	416	8	8	241
0	1	984	592	96	24	49
0	1	1072	536	24	64	51
0	1	1072	528	24	24	45
0	1	1160	528	24	24	46
0	1	1072	744	24	24	47
0	1	1160	744	24	24	48
0	1	1096	528	64	24	49
0	1	976	616	24	64	51
0	1	1096	744	64	24	52
0	1	1256	616	24	64	50
0	1	976	680	24	24	47
0	1	976	592	24	24	45
0	1	1256	592	24	24	46
0	1	1256	680	24	24	48
0	1	1072	592	24	24	56
0	1	1000	680	80	24	52
0	1	1072	696	24	48	51
0	1	1160	696	24	48	50
0	1	1176	680	80	24	52
0	1	1176	592	80	24	49
0	1	1160	552	24	48	50
0	1	1160	592	24	24	55
0	1	1160	680	24	24	53
0	1	1072	680	24	24	54
0	1	1096	552	8	8	14
0	1	1000	616	8	8	14
0	1	1000	672	8	8	16
0	1	1096	736	8	8	16
0	1	1152	736	8	8	17
0	1	1248	672	8	8	17
0	1	1248	616	8	8	15
0	1	1152	552	8	8	15
0	1	1104	552	48	8	179
0	1	1104	736	48	8	236
0	1	1008	672	96	8	236
0	1	1008	616	96	8	179
0	1	1152	616	96	8	179
0	1	1152	672	96	8	236
0	1	1096	560	8	64	237
0	1	1096	672	8	64	237
0	1	1152	672	8	64	238
0	1	1000	624	8	48	237
0	1	1248	624	8	48	238
0	1	1152	560	8	64	238
0	1	1096	616	8	8	239
0	1	1152	616	8	8	240
0	1	1096	672	8	8	242
0	1	1152	672	8	8	241
0	1	1104	560	48	176	360
0	1	1008	624	240	48	360
0	1	64	328	8	128	238
0	1	264	328	8	128	237
0	1	264	456	8	8	239
0	1	64	456	8	8	240
0	1	64	320	8	8	241
0	1	264	320	8	8	242
0	1	72	344	24	96	50
0	1	240	344	24	96	51
0	1	112	416	24	24	45
0	1	200	416	24	24	46
0	1	112	344	24	24	47
0	1	200	344	24	24	48
0	1	216	328	32	24	52
0	1	240	328	24	24	54
0	1	200	328	24	24	53
0	1	88	328	32	24	52
0	1	72	328	24	24	53
0	1	112	328	24	24	54
0	1	136	344	64	24	52
0	1	136	416	64	24	49
0	1	88	432	32	24	49
0	1	72	432	24	24	55
0	1	216	432	32	24	49
0	1	240	432	24	24	56
0	1	200	432	24	24	55
0	1	112	432	24	24	56
0	1	136	320	8	8	242
0	1	192	320	8	8	241
0	1	136	336	8	8	16
0	1	192	336	8	8	17
0	1	144	440	48	8	179
0	1	144	336	48	8	236
0	1	72	320	64	8	236
0	1	200	320	64	8	236
0	1	72	456	64	8	179
0	1	200	456	64	8	179
0	1	136	440	8	8	14
0	1	192	440	8	8	15
0	1	136	456	8	8	239
0	1	192	456	8	8	240
0	1	144	304	48	32	3
0	1	144	448	48	32	3
0	1	144	304	8	8	243
0	1	144	328	8	8	246
0	1	184	328	8	8	245
0	1	184	304	8	8	244
0	1	184	312	8	16	250
0	1	144	312	8	16	248
0	1	152	328	32	8	249
0	1	152	304	32	8	247
0	1	144	448	8	8	243
0	1	144	472	8	8	246
0	1	184	472	8	8	245
0	1	184	448	8	8	244
0	1	184	456	8	16	250
0	1	144	456	8	16	248
0	1	152	472	32	8	249
0	1	152	448	32	8	247
0	1	480	280	16	16	76
0	1	480	488	16	16	77
0	1	344	384	16	16	82
0	1	616	384	16	16	83
0	1	616	376	16	8	79
0	1	616	400	16	8	81
0	1	344	376	16	8	78
0	1	344	400	16	8	80
0	1	472	280	8	16	72
0	1	496	280	8	16	73
0	1	472	488	8	16	74
0	1	496	488	8	16	75
0	1	296	384	16	16	83
0	1	296	376	16	8	79
0	1	296	400	16	8	81
0	1	480	232	16	16	77
0	1	472	232	8	16	74
0	1	496	232	8	16	75
0	1	800	280	16	16	76
0	1	792	280	8	16	72
0	1	816	280	8	16	73
0	1	800	232	16	16	77
0	1	792	232	8	16	74
0	1	816	232	8	16	75
0	1	1120	280	16	16	76
0	1	1112	280	8	16	72
0	1	1136	280	8	16	73
0	1	1120	232	16	16	77
0	1	1112	232	8	16	74
0	1	1136	232	8	16	75
0	1	664	384	16	16	82
0	1	664	376	16	8	78
0	1	664	400	16	8	80
0	1	936	384	16	16	83
0	1	936	376	16	8	79
0	1	936	400	16	8	81
0	1	984	384	16	16	82
0	1	984	376	16	8	78
0	1	984	400	16	8	80
0	1	936	640	16	16	83
0	1	936	632	16	8	79
0	1	936	656	16	8	81
0	1	984	640	16	16	82
0	1	984	632	16	8	78
0	1	984	656	16	8	80
0	1	1256	640	16	16	83
0	1	1256	632	16	8	79
0	1	1256	656	16	8	81
0	1	1304	640	16	16	82
0	1	1304	632	16	8	78
0	1	1304	656	16	8	80
0	1	1120	536	16	16	76
0	1	1112	536	8	16	72
0	1	1136	536	8	16	73
0	1	1120	488	16	16	77
0	1	1112	488	8	16	74
0	1	1136	488	8	16	75
0	1	1120	792	16	16	76
0	1	1112	792	8	16	72
0	1	1136	792	8	16	73
0	1	1120	744	16	16	77
0	1	1112	744	8	16	74
0	1	1136	744	8	16	75
0	1	480	792	16	16	76
0	1	472	792	8	16	72
0	1	496	792	8	16	73
0	1	480	744	16	16	77
0	1	472	744	8	16	74
0	1	496	744	8	16	75
0	1	480	536	16	16	76
0	1	472	536	8	16	72
0	1	496	536	8	16	73
0	1	368	816	560	176	397
0	1	688	48	240	176	421
0	1	1008	48	240	176	421
9	1	488	397	block	-1	0	1
9	1	472	381	block_2	-1	0	0
9	1	504	413	block_3	-1	0	0
9	1	504	381	block_4	-1	0	0
9	1	472	413	block_5	-1	0	0
9	1	1128	653	block_6	-1	0	1
9	1	1112	637	block_7	-1	0	0
9	1	1144	669	block_8	-1	0	0
9	1	1144	637	block_9	-1	0	0
9	1	1112	669	block_10	-1	0	0
9	1	696	573	block_11	-1	0	1
9	1	712	573	block_12	-1	0	1
9	1	696	589	block_13	-1	0	1
9	1	712	589	block_14	-1	0	1
9	1	696	605	block_15	-1	0	1
9	1	712	605	block_16	-1	0	1
9	1	696	621	block_17	-1	0	1
9	1	712	621	block_18	-1	0	1
9	1	696	685	block_19	-1	0	1
9	1	712	685	block_20	-1	0	1
9	1	696	701	block_21	-1	0	1
9	1	712	701	block_22	-1	0	1
9	1	696	717	block_23	-1	0	1
9	1	712	717	block_24	-1	0	1
9	1	696	733	block_25	-1	0	1
9	1	712	733	block_26	-1	0	1
9	1	904	573	block_27	-1	0	1
9	1	920	573	block_28	-1	0	1
9	1	904	589	block_29	-1	0	1
9	1	920	589	block_30	-1	0	1
9	1	904	605	block_31	-1	0	1
9	1	920	605	block_32	-1	0	1
9	1	904	621	block_33	-1	0	1
9	1	920	621	block_34	-1	0	1
9	1	904	685	block_35	-1	0	1
9	1	920	685	block_36	-1	0	1
9	1	904	701	block_37	-1	0	1
9	1	920	701	block_38	-1	0	1
9	1	904	717	block_39	-1	0	1
9	1	920	717	block_40	-1	0	1
9	1	904	733	block_41	-1	0	1
9	1	920	733	block_42	-1	0	1
9	1	776	573	block_43	-1	0	1
9	1	776	589	block_44	-1	0	1
9	1	792	573	block_45	-1	0	1
9	1	792	589	block_46	-1	0	1
9	1	808	573	block_47	-1	0	1
9	1	808	589	block_48	-1	0	1
9	1	824	573	block_49	-1	0	1
9	1	824	589	block_50	-1	0	1
9	1	840	573	block_51	-1	0	1
9	1	840	589	block_52	-1	0	1
9	1	776	717	block_53	-1	0	1
9	1	776	733	block_54	-1	0	1
9	1	792	717	block_55	-1	0	1
9	1	792	733	block_56	-1	0	1
9	1	808	717	block_57	-1	0	1
9	1	808	733	block_58	-1	0	1
9	1	824	717	block_59	-1	0	1
9	1	824	733	block_60	-1	0	1
9	1	840	717	block_61	-1	0	1
9	1	840	733	block_62	-1	0	1
15	1	736	608	16	80	1
15	1	864	608	16	80	1
15	1	752	672	112	16	1
15	1	752	608	112	16	1
14	1	808	653	crystal_switch
0	2	96	352	16	80	170
0	2	112	368	112	48	170
0	2	224	352	16	80	170
0	2	336	272	96	64	170
0	2	544	272	96	64	170
0	2	544	448	96	64	170
0	2	336	448	96	64	170
0	2	472	504	32	8	155
0	2	472	272	32	8	154
0	2	632	376	8	32	353
0	2	336	376	8	32	352
0	2	312	376	8	32	353
0	2	472	248	32	8	155
0	2	336	256	944	16	170
0	2	336	0	944	16	170
0	2	336	512	944	16	170
0	2	336	768	944	16	170
0	2	336	1024	944	16	170
0	2	976	528	96	64	170
0	2	976	704	96	64	170
0	2	1184	528	96	64	170
0	2	1184	704	96	64	170
0	2	960	16	16	1008	170
0	2	1280	0	16	1040	170
0	2	320	272	16	240	170
0	2	640	16	16	752	170
0	2	0	512	336	528	170
0	2	0	0	336	272	170
0	2	0	272	16	240	170
0	2	1296	768	320	272	170
0	2	1296	0	320	528	170
0	2	1600	528	16	240	170
0	2	792	272	32	8	154
0	2	792	248	32	8	155
0	2	1112	272	32	8	154
0	2	1112	248	32	8	155
0	2	656	376	8	32	352
0	2	952	376	8	32	353
0	2	976	376	8	32	352
0	2	952	632	8	32	353
0	2	976	632	8	32	352
0	2	1272	632	8	32	353
0	2	1296	632	8	32	352
0	2	1112	528	32	8	154
0	2	1112	504	32	8	155
0	2	1112	784	32	8	154
0	2	1112	760	32	8	155
0	2	472	784	32	8	154
0	2	472	760	32	8	155
0	2	472	528	32	8	154
