512	496	-1	-100	1968	2696	-1	12	castle.spc
0	0	64	288	384	32	614
0	0	176	320	160	112	614
0	0	152	104	208	72	589
0	0	72	176	368	104	589
0	0	176	320	8	112	313
0	0	328	320	8	112	314
0	0	336	336	24	96	233
0	0	352	320	64	24	234
0	0	40	160	24	128	235
0	0	448	160	24	128	233
0	0	152	96	208	8	311
0	0	368	168	80	8	311
0	0	72	168	80	8	311
0	0	368	88	24	64	233
0	0	40	144	24	24	57
0	0	64	144	64	24	232
0	0	88	152	16	24	290
0	0	80	152	8	24	288
0	0	104	152	8	24	289
0	0	120	88	24	64	235
0	0	120	72	24	24	57
0	0	120	144	24	24	68
0	0	144	72	224	24	232
0	0	240	80	8	24	288
0	0	264	80	8	24	289
0	0	248	80	16	24	290
0	0	368	72	24	24	58
0	0	448	144	24	24	58
0	0	384	144	64	24	232
0	0	368	144	24	24	67
0	0	64	168	8	8	307
0	0	144	96	8	8	307
0	0	360	96	8	8	308
0	0	440	168	8	8	308
0	0	360	168	8	8	316
0	0	144	168	8	8	315
0	0	360	104	8	64	314
0	0	144	104	8	64	313
0	0	440	176	8	112	314
0	0	64	176	8	112	313
0	0	408	152	16	24	290
0	0	424	152	8	24	289
0	0	400	152	8	24	288
0	0	432	288	16	16	677
0	0	424	296	16	16	677
0	0	416	304	16	16	677
0	0	448	288	16	16	676
0	0	432	304	16	16	676
0	0	416	320	16	16	676
0	0	336	320	24	24	65
0	0	336	432	24	24	60
0	0	152	432	24	24	59
0	0	176	432	160	24	234
0	0	152	336	24	96	235
0	0	96	320	64	24	234
0	0	152	320	24	24	66
0	0	176	312	8	8	318
0	0	328	312	8	8	317
0	0	176	424	8	8	310
0	0	328	424	8	8	309
0	0	184	424	144	8	312
0	0	336	312	80	8	312
0	0	64	288	16	16	672
0	0	72	296	16	16	672
0	0	80	304	16	16	672
0	0	96	312	80	8	312
0	0	48	288	16	16	671
0	0	64	304	16	16	671
0	0	80	320	16	16	671
0	0	232	304	48	120	589
0	0	208	400	16	16	276
0	0	208	368	16	16	276
0	0	208	336	16	16	276
0	0	208	304	16	16	276
0	0	288	400	16	16	276
0	0	288	368	16	16	276
0	0	288	336	16	16	276
0	0	288	304	16	16	276
0	0	224	296	8	128	567
0	0	280	296	8	128	567
0	0	232	296	48	8	567
0	0	336	224	16	16	598
0	0	368	224	16	16	598
0	0	400	224	16	16	598
0	0	96	224	16	16	598
0	0	128	224	16	16	598
0	0	160	224	16	16	598
0	0	216	104	16	16	546
0	0	280	104	16	16	546
0	0	208	96	32	8	544
0	0	272	96	32	8	544
0	0	232	104	8	16	548
0	0	296	104	8	16	548
0	0	272	120	32	8	549
0	0	208	120	32	8	549
0	0	208	104	8	16	547
0	0	272	104	8	16	547
0	0	184	168	16	16	546
0	0	176	160	32	8	544
0	0	200	168	8	16	548
0	0	176	184	32	8	549
0	0	176	168	8	16	547
0	0	312	168	16	16	546
0	0	304	160	32	8	544
0	0	328	168	8	16	548
0	0	304	184	32	8	549
0	0	304	168	8	16	547
0	0	72	280	368	8	567
0	0	264	432	8	16	75
0	0	248	432	16	16	77
0	0	240	432	8	16	74
0	0	448	232	16	8	79
0	0	448	240	16	16	83
0	0	448	256	16	8	81
0	0	48	232	16	8	78
0	0	48	256	16	8	80
0	0	48	240	16	16	82
0	0	0	232	40	8	70
0	0	0	256	40	8	70
0	0	224	256	16	16	277
0	0	272	256	16	16	277
0	0	0	240	48	16	614
7	0	216	285	enemy	3	simple_green_soldier	0	-1	_random	1	-1
7	0	296	285	enemy_2	3	simple_green_soldier	0	-1	_random	1	-1
7	0	200	221	enemy_3	3	green_knight_soldier	0	-1	_random	1	-1
19	0	88	152	stairs	1	4
19	0	248	80	stairs_2	1	4
19	0	408	152	stairs_3	1	4
18	0	448	232	door	0	0	-1
18	0	240	432	door_2	3	0	-1
2	0	-16	240	16	16	teletransporter	0	2	121	_side
0	1	464	192	8	96	566
0	1	208	448	96	8	564
0	1	40	192	8	96	565
0	1	96	344	48	24	52
0	1	368	344	48	24	52
0	1	360	360	24	96	50
0	1	176	64	160	16	613
0	1	48	64	64	80	613
0	1	80	48	352	16	613
0	1	400	64	64	80	613
0	1	16	96	24	192	51
0	1	32	80	16	16	664
0	1	48	64	16	16	664
0	1	64	48	16	16	664
0	1	80	32	16	16	664
0	1	96	16	304	24	49
0	1	80	40	16	16	665
0	1	72	48	16	16	665
0	1	64	56	16	16	665
0	1	48	72	16	16	665
0	1	40	80	16	16	665
0	1	56	64	16	16	665
0	1	40	96	8	48	237
0	1	96	40	304	8	179
0	1	40	136	8	8	69
0	1	72	136	8	8	69
0	1	48	136	24	8	70
0	1	80	144	32	8	287
0	1	96	16	16	32	341
0	1	144	16	16	32	341
0	1	192	16	16	32	341
0	1	112	64	8	8	69
0	1	112	136	8	8	69
0	1	112	72	8	64	71
0	1	120	64	48	8	70
0	1	168	64	8	8	69
0	1	208	64	8	8	69
0	1	216	64	16	8	70
0	1	232	64	8	8	69
0	1	272	64	8	8	69
0	1	280	64	16	8	70
0	1	296	64	8	8	69
0	1	208	16	32	24	607
0	1	272	16	32	24	607
0	1	240	24	8	16	72
0	1	264	24	8	16	73
0	1	248	24	16	16	191
0	1	304	16	16	32	341
0	1	352	16	16	32	341
0	1	400	16	16	32	341
0	1	416	32	16	16	661
0	1	432	48	16	16	661
0	1	448	64	16	16	661
0	1	464	80	16	16	661
0	1	416	40	16	16	660
0	1	424	48	16	16	660
0	1	432	56	16	16	660
0	1	440	64	16	16	660
0	1	448	72	16	16	660
0	1	456	80	16	16	660
0	1	472	96	24	192	50
0	1	464	96	8	48	238
0	1	464	136	8	8	69
0	1	432	136	8	8	69
0	1	440	136	24	8	70
0	1	392	136	8	8	69
0	1	392	64	8	8	69
0	1	336	64	8	8	69
0	1	344	64	48	8	70
0	1	392	72	8	64	71
0	1	176	72	160	8	563
0	1	240	72	32	8	287
0	1	400	144	32	8	287
0	1	464	288	16	16	674
0	1	448	304	16	16	674
0	1	432	320	16	16	674
0	1	416	336	16	16	674
0	1	360	456	24	24	48
0	1	360	344	24	24	53
0	1	152	456	208	24	52
0	1	128	456	24	24	47
0	1	128	360	24	96	51
0	1	128	344	24	24	54
0	1	240	456	32	24	609
0	1	176	456	32	24	609
0	1	304	456	32	24	609
0	1	32	288	16	16	669
0	1	48	304	16	16	669
0	1	64	320	16	16	669
0	1	80	336	16	16	669
0	1	40	232	8	32	160
0	1	464	232	8	32	161
0	1	240	448	32	8	153
0	1	24	128	16	8	80
0	1	24	104	16	8	78
0	1	24	112	16	16	82
0	1	272	240	16	16	278
0	1	224	240	16	16	278
0	1	96	208	16	16	599
0	1	128	208	16	16	599
0	1	160	208	16	16	599
0	1	336	208	16	16	599
0	1	368	208	16	16	599
0	1	400	208	16	16	599
12	1	80	144	8	8	custom_obstacle	1	1	1	1
12	1	104	144	8	8	custom_obstacle_2	1	1	1	1
12	1	240	72	8	8	custom_obstacle_3	1	1	1	1
12	1	264	72	8	8	custom_obstacle_4	1	1	1	1
12	1	400	144	8	8	custom_obstacle_5	1	1	1	1
12	1	424	144	8	8	custom_obstacle_6	1	1	1	1
18	1	24	104	door_3	2	0	-1
6	1	176	72	32	8	jumper	6	40
6	1	304	72	32	8	jumper_2	6	40
1	1	256	37	from_l2	3	0
0	2	16	96	8	64	561
0	2	16	80	16	16	663
0	2	32	64	16	16	663
0	2	48	48	16	16	663
0	2	64	32	16	16	663
0	2	80	16	16	16	663
0	2	16	64	16	16	170
0	2	16	48	32	16	170
0	2	16	32	48	16	170
0	2	16	16	64	16	170
0	2	0	0	512	16	170
0	2	0	480	512	16	170
0	2	0	16	16	464	170
0	2	496	16	16	464	170
0	2	240	16	32	8	551
0	2	248	16	16	8	555
0	2	416	16	16	16	662
0	2	432	32	16	16	662
0	2	448	48	16	16	662
0	2	464	64	16	16	662
0	2	480	80	16	16	662
0	2	432	16	64	16	170
0	2	448	32	48	16	170
0	2	464	48	32	16	170
0	2	480	64	16	16	170
0	2	480	288	16	16	673
0	2	464	304	16	16	673
0	2	448	320	16	16	673
0	2	432	336	16	16	673
0	2	416	352	16	16	673
0	2	16	288	16	16	668
0	2	32	304	16	16	668
0	2	48	320	16	16	668
0	2	64	336	16	16	668
0	2	80	352	16	16	668
0	2	384	368	112	112	170
0	2	432	352	64	16	170
0	2	448	336	48	16	170
0	2	464	320	32	16	170
0	2	480	304	16	16	170
0	2	16	368	112	112	170
0	2	16	352	64	16	170
0	2	16	336	48	16	170
0	2	16	320	32	16	170
0	2	16	304	16	16	170
0	2	16	104	8	32	160
