576	448	-1	-100	160	2680	1200	3	same
0	0	64	64	448	320	170
0	0	40	40	24	24	57
0	0	64	40	448	24	224
0	0	40	64	24	320	227
0	0	512	40	24	24	58
0	0	512	64	24	320	225
0	0	40	384	24	24	59
0	0	512	384	24	24	60
0	0	64	384	448	24	226
0	0	512	256	16	8	290
0	0	512	280	16	8	291
0	0	512	264	16	16	296
0	0	64	64	48	40	385
0	0	64	104	8	8	69
0	0	104	104	8	8	69
0	0	104	80	8	8	69
0	0	104	88	8	16	71
0	0	72	104	32	8	70
0	0	344	240	8	8	69
0	0	400	240	8	8	69
0	0	320	240	8	8	69
0	0	320	280	8	8	69
0	0	432	240	8	8	69
0	0	432	192	8	8	69
0	0	504	192	8	8	69
0	0	432	280	8	8	69
0	0	432	328	8	8	69
0	0	504	328	8	8	69
0	0	456	328	8	8	69
0	0	480	328	8	8	69
0	0	440	192	64	8	70
0	0	488	328	16	8	70
0	0	440	328	16	8	70
0	0	328	280	104	8	70
0	0	328	240	16	8	70
0	0	408	240	24	8	70
0	0	320	248	8	32	71
0	0	432	288	8	40	71
0	0	432	200	8	40	71
0	0	432	304	8	8	69
0	0	456	304	8	8	69
0	0	480	304	8	8	69
0	0	504	304	8	8	69
0	0	488	304	16	8	70
0	0	440	304	16	8	70
0	0	408	264	8	8	69
0	0	408	280	8	8	69
0	0	408	272	8	8	71
0	0	432	272	8	8	71
0	0	432	264	8	8	69
0	0	528	264	48	16	3
0	0	536	256	40	8	70
0	0	536	280	40	8	70
5	0	64	64	chest	0	fire_stone	1	140
18	0	96	64	door	1	2	147
18	0	112	64	door_2	1	2	148
18	0	224	112	door_3	1	2	149
18	0	144	144	door_4	1	2	150
5	0	208	64	chest_2	0	small_key	1	141
5	0	496	64	chest_3	0	small_key	1	142
5	0	64	112	chest_4	0	small_key	1	143
5	0	80	160	chest_5	0	small_key	1	144
5	0	96	208	chest_6	0	small_key	1	145
5	0	464	200	chest_7	0	small_key	1	146
17	0	136	77	0
17	0	152	77	0
17	0	168	77	0
17	0	184	77	5
17	0	200	77	4
17	0	232	77	0
17	0	248	77	7
17	0	264	77	0
17	0	280	77	6
17	0	296	77	6
17	0	312	77	6
17	0	328	77	6
17	0	360	77	6
17	0	344	77	4
17	0	376	77	4
17	0	424	77	4
17	0	392	77	5
17	0	408	77	5
17	0	472	77	4
17	0	440	77	5
17	0	456	77	5
17	0	152	93	4
17	0	184	93	5
17	0	168	93	7
17	0	200	93	4
17	0	248	93	2
17	0	264	93	2
17	0	280	93	1
17	0	296	93	1
17	0	312	93	6
17	0	328	93	6
17	0	360	93	6
17	0	344	93	2
17	0	376	93	2
17	0	392	93	7
17	0	408	93	3
17	0	424	93	7
17	0	440	93	3
17	0	456	93	3
17	0	136	109	6
17	0	120	109	2
17	0	152	109	2
17	0	168	109	6
17	0	184	109	0
17	0	200	109	0
17	0	216	109	2
17	0	232	109	0
17	0	248	109	0
17	0	264	109	3
17	0	280	109	7
17	0	296	109	4
17	0	312	109	6
17	0	328	109	0
17	0	344	109	7
17	0	360	109	3
17	0	376	109	0
17	0	392	109	7
17	0	408	109	5
17	0	424	109	3
17	0	440	109	4
17	0	456	109	2
17	0	472	109	4
17	0	504	109	2
17	0	488	109	0
17	0	136	125	6
17	0	120	125	2
17	0	152	125	2
17	0	168	125	6
17	0	88	125	0
17	0	104	125	0
17	0	184	125	7
17	0	216	125	3
17	0	200	125	4
17	0	280	125	3
17	0	296	125	6
17	0	328	125	1
17	0	360	125	1
17	0	376	125	6
17	0	344	125	6
17	0	392	125	4
17	0	408	125	6
17	0	424	125	0
17	0	440	125	0
17	0	456	125	7
17	0	472	125	2
17	0	488	125	7
17	0	504	125	3
17	0	88	141	2
17	0	104	141	5
17	0	120	141	4
17	0	136	141	4
17	0	152	141	2
17	0	168	141	0
17	0	184	141	1
17	0	200	141	7
17	0	216	141	2
17	0	248	141	4
17	0	264	141	4
17	0	296	141	6
17	0	280	141	2
17	0	328	141	2
17	0	312	141	0
17	0	344	141	6
17	0	360	141	4
17	0	376	141	5
17	0	392	141	5
17	0	408	141	0
17	0	424	141	6
17	0	440	141	3
17	0	456	141	4
17	0	472	141	2
17	0	488	141	2
17	0	504	141	2
17	0	88	157	4
17	0	104	157	4
17	0	120	157	2
17	0	168	157	4
17	0	184	157	6
17	0	200	157	4
17	0	216	157	0
17	0	232	157	2
17	0	264	157	1
17	0	248	157	0
17	0	280	157	6
17	0	296	157	4
17	0	312	157	2
17	0	328	157	7
17	0	360	157	6
17	0	376	157	3
17	0	408	157	4
17	0	424	157	0
17	0	440	157	0
17	0	488	157	2
17	0	504	157	6
17	0	104	173	7
17	0	120	173	4
17	0	136	173	4
17	0	168	173	4
17	0	184	173	5
17	0	200	173	2
17	0	216	173	6
17	0	232	173	2
17	0	248	173	6
17	0	264	173	5
17	0	280	173	7
17	0	296	173	0
17	0	312	173	2
17	0	344	173	6
17	0	360	173	6
17	0	392	173	6
17	0	424	173	3
17	0	440	173	6
17	0	456	173	4
17	0	472	173	1
17	0	488	173	7
17	0	504	173	5
17	0	72	189	6
17	0	104	189	0
17	0	120	189	6
17	0	136	189	0
17	0	152	189	2
17	0	184	189	0
17	0	200	189	2
17	0	168	189	2
17	0	216	189	6
17	0	232	189	3
17	0	248	189	4
17	0	264	189	0
17	0	280	189	3
17	0	296	189	6
17	0	312	189	2
17	0	328	189	6
17	0	344	189	5
17	0	360	189	7
17	0	376	189	3
17	0	392	189	6
17	0	424	189	4
17	0	456	189	0
17	0	472	189	1
17	0	488	189	3
17	0	504	189	4
17	0	72	205	6
17	0	88	205	2
17	0	136	205	2
17	0	152	205	2
17	0	104	205	4
17	0	120	205	4
17	0	168	205	3
17	0	184	205	2
17	0	200	205	5
17	0	216	205	4
17	0	264	205	4
17	0	248	205	2
17	0	280	205	3
17	0	296	205	4
17	0	312	205	2
17	0	328	205	6
17	0	344	205	3
17	0	360	205	2
17	0	376	205	6
17	0	408	205	5
17	0	424	205	2
17	0	72	221	7
17	0	88	221	2
17	0	136	221	2
17	0	152	221	2
17	0	120	221	0
17	0	168	221	5
17	0	184	221	2
17	0	200	221	0
17	0	216	221	6
17	0	248	221	0
17	0	264	221	6
17	0	280	221	6
17	0	296	221	0
17	0	312	221	2
17	0	344	221	7
17	0	360	221	2
17	0	376	221	5
17	0	424	221	3
17	0	408	221	1
17	0	72	237	2
17	0	88	237	5
17	0	120	237	0
17	0	152	237	5
17	0	136	237	3
17	0	168	237	3
17	0	184	237	3
17	0	200	237	3
17	0	216	237	6
17	0	248	237	6
17	0	232	237	2
17	0	264	237	1
17	0	280	237	0
17	0	296	237	1
17	0	312	237	2
17	0	328	237	1
17	0	344	237	4
17	0	360	237	6
17	0	376	237	3
17	0	392	237	1
17	0	408	237	0
17	0	424	237	2
17	0	72	253	0
17	0	88	253	0
17	0	104	253	2
17	0	120	253	5
17	0	136	253	5
17	0	152	253	0
17	0	168	253	2
17	0	184	253	2
17	0	200	253	4
17	0	216	253	4
17	0	248	253	3
17	0	232	253	1
17	0	264	253	7
17	0	280	253	7
17	0	296	253	7
17	0	312	253	2
17	0	120	269	2
17	0	72	269	6
17	0	88	269	6
17	0	104	269	6
17	0	136	269	1
17	0	152	269	0
17	0	168	269	0
17	0	184	269	5
17	0	216	269	0
17	0	232	269	2
17	0	200	269	6
17	0	248	269	1
17	0	264	269	1
17	0	280	269	7
17	0	296	269	2
17	0	312	269	2
17	0	72	285	7
17	0	120	285	1
17	0	88	285	3
17	0	104	285	3
17	0	136	285	0
17	0	152	285	2
17	0	168	285	6
17	0	184	285	1
17	0	200	285	5
17	0	216	285	2
17	0	232	285	0
17	0	248	285	5
17	0	264	285	3
17	0	280	285	3
17	0	296	285	7
17	0	312	285	5
17	0	72	301	6
17	0	88	301	4
17	0	104	301	1
17	0	120	301	0
17	0	136	301	2
17	0	152	301	5
17	0	168	301	1
17	0	184	301	0
17	0	216	301	2
17	0	200	301	6
17	0	232	301	4
17	0	248	301	3
17	0	264	301	2
17	0	280	301	2
17	0	296	301	7
17	0	312	301	2
17	0	328	301	7
17	0	344	301	6
17	0	360	301	4
17	0	376	301	0
17	0	392	301	0
17	0	408	301	0
17	0	72	317	0
17	0	88	317	6
17	0	104	317	1
17	0	120	317	3
17	0	136	317	6
17	0	152	317	2
17	0	184	317	0
17	0	200	317	6
17	0	216	317	4
17	0	248	317	2
17	0	264	317	2
17	0	296	317	4
17	0	312	317	0
17	0	328	317	2
17	0	344	317	0
17	0	360	317	1
17	0	280	317	2
17	0	392	317	0
17	0	408	317	0
17	0	72	333	7
17	0	88	333	5
17	0	104	333	2
17	0	120	333	2
17	0	136	333	5
17	0	152	333	0
17	0	216	333	2
17	0	264	333	1
17	0	280	333	3
17	0	296	333	4
17	0	312	333	3
17	0	328	333	4
17	0	360	333	2
17	0	392	333	4
17	0	408	333	4
17	0	72	349	2
17	0	88	349	5
17	0	104	349	2
17	0	120	349	7
17	0	136	349	3
17	0	152	349	2
17	0	184	349	0
17	0	216	349	2
17	0	248	349	2
17	0	264	349	2
17	0	200	349	6
17	0	232	349	6
17	0	280	349	5
17	0	296	349	4
17	0	312	349	3
17	0	328	349	1
17	0	344	349	5
17	0	360	349	4
17	0	392	349	5
17	0	408	349	4
17	0	376	349	4
17	0	72	365	6
17	0	88	365	1
17	0	104	365	0
17	0	136	365	0
17	0	120	365	1
17	0	152	365	7
17	0	168	365	2
17	0	184	365	7
17	0	200	365	4
17	0	216	365	2
17	0	232	365	6
17	0	248	365	2
17	0	296	365	2
17	0	280	365	5
17	0	264	365	7
17	0	328	365	3
17	0	344	365	3
17	0	360	365	5
17	0	392	365	3
17	0	376	365	4
17	0	408	365	4
17	0	72	381	0
17	0	88	381	2
17	0	104	381	0
17	0	120	381	3
17	0	184	381	3
17	0	136	381	4
17	0	152	381	4
17	0	168	381	4
17	0	200	381	4
17	0	216	381	2
17	0	232	381	4
17	0	248	381	2
17	0	264	381	4
17	0	280	381	0
17	0	296	381	3
17	0	312	381	2
17	0	328	381	4
17	0	344	381	4
17	0	360	381	3
17	0	376	381	4
17	0	408	381	4
17	0	392	381	4
18	0	416	248	door_5	1	2	151
18	0	464	312	door_6	1	2	152
2	0	576	264	16	16	teletransporter	0	2	66	_side
8	0	472	93	torch	3	0	entities/torch	item#lamp
17	0	472	157	4
8	0	232	317	torch_2	3	0	entities/torch	item#lamp
8	0	184	333	torch_3	3	0	entities/torch	item#lamp
8	0	136	157	torch_4	3	0	entities/torch	item#lamp
8	0	232	93	torch_5	3	0	entities/torch	item#lamp
17	0	248	125	4
17	0	264	125	6
8	0	232	205	torch_6	3	0	entities/torch	item#lamp
17	0	408	189	2
0	1	528	192	8	96	418
0	1	16	16	24	24	45
0	1	40	16	496	24	49
0	1	16	40	24	368	51
0	1	536	16	24	24	46
0	1	536	40	24	368	50
0	1	536	408	24	24	48
0	1	16	408	24	24	47
0	1	40	408	496	24	52
0	1	528	256	8	32	308
0	2	0	0	576	16	170
0	2	0	16	16	416	170
0	2	560	16	16	416	170
0	2	0	432	576	16	170
