1936	1808	1	0	0	0	205	8	dark_world_dungeon.spc
0	0	1000	1576	256	192	303
0	0	1240	1576	16	16	256
0	0	1240	1752	16	16	257
0	0	1000	1752	16	16	258
0	0	1000	1576	16	16	255
0	0	1016	1576	224	16	259
0	0	1000	1592	16	160	260
0	0	1016	1752	224	16	262
0	0	1240	1592	16	160	261
0	1	1088	1568	80	48	421
0	1	1088	1728	80	48	421
0	1	1216	1632	48	80	421
0	1	992	1632	48	80	421
0	1	976	1552	24	24	45
0	1	1256	1552	24	24	46
0	1	976	1768	24	24	47
0	1	1256	1768	24	24	48
0	1	1000	1552	256	24	49
0	1	976	1576	24	192	51
0	1	1000	1768	256	24	52
0	1	1256	1576	24	192	50
0	1	1088	1648	80	48	421
0	1	1248	1632	8	80	238
0	1	984	1664	16	16	82
0	1	984	1680	16	8	80
0	1	984	1656	16	8	78
0	1	1000	1632	8	80	237
0	1	1256	1664	16	16	83
0	1	1256	1680	16	8	81
0	1	1256	1656	16	8	79
0	1	1024	1552	32	16	337
0	1	1184	1552	32	16	337
0	1	1024	1776	32	16	339
0	1	1184	1776	32	16	339
0	1	1120	1768	16	16	336
0	1	1112	1768	8	16	334
0	1	1136	1768	8	16	335
0	1	1120	1560	16	16	76
0	1	1112	1560	8	16	72
0	1	1136	1560	8	16	73
0	1	1088	1576	80	8	179
0	1	1088	1760	80	8	236
0	1	1296	1768	24	24	47
0	1	1576	1768	24	24	48
0	1	1320	1768	256	24	52
0	1	1616	1552	24	24	45
0	1	1896	1552	24	24	46
0	1	1616	1768	24	24	47
0	1	1896	1768	24	24	48
0	1	1640	1552	256	24	49
0	1	1616	1576	24	192	51
0	1	1640	1768	256	24	52
0	1	1896	1576	24	192	50
0	1	976	1512	24	24	47
0	1	1256	1512	24	24	48
0	1	1000	1512	256	24	52
0	1	1296	1296	24	24	45
0	1	1576	1296	24	24	46
0	1	1320	1296	256	24	49
0	1	1296	1320	24	448	51
0	1	1576	1320	24	448	50
0	1	1296	1040	24	24	45
0	1	1576	1040	24	24	46
0	1	1296	1256	24	24	47
0	1	1576	1256	24	24	48
0	1	1320	1040	256	24	49
0	1	1296	1064	24	192	51
0	1	1320	1256	256	24	52
0	1	1576	1064	24	192	50
0	1	1616	1296	24	24	45
0	1	1896	1296	24	24	46
0	1	1616	1512	24	24	47
0	1	1896	1512	24	24	48
0	1	1640	1296	256	24	49
0	1	1616	1320	24	192	51
0	1	1640	1512	256	24	52
0	1	1896	1320	24	192	50
0	1	1616	1256	24	24	47
0	1	1896	1256	24	24	48
0	1	1640	1256	256	24	52
0	1	976	1040	24	24	45
0	1	1256	1040	24	24	46
0	1	1000	1040	256	24	49
0	1	976	1064	24	448	51
0	1	1256	1064	24	448	50
0	1	976	784	24	24	45
0	1	1256	784	24	24	46
0	1	976	1000	24	24	47
0	1	1256	1000	24	24	48
0	1	1000	784	256	24	49
0	1	976	808	24	192	51
0	1	1000	1000	256	24	52
0	1	1256	808	24	192	50
0	1	936	1768	24	24	48
0	1	656	1296	24	24	45
0	1	936	1296	24	24	46
0	1	680	1296	256	24	49
0	1	656	1320	24	240	51
0	1	936	1320	24	448	50
0	1	336	1552	24	24	45
0	1	336	1768	24	24	47
0	1	360	1552	304	24	49
0	1	336	1576	24	192	51
0	1	360	1768	576	24	52
0	1	16	1552	24	24	45
0	1	296	1552	24	24	46
0	1	16	1768	24	24	47
0	1	296	1768	24	24	48
0	1	40	1552	256	24	49
0	1	16	1576	24	192	51
0	1	40	1768	256	24	52
0	1	296	1576	24	192	50
0	1	1616	784	24	24	45
0	1	1896	784	24	24	46
0	1	1640	784	256	24	49
0	1	1616	808	24	448	51
0	1	1896	808	24	448	50
0	1	1616	528	24	24	45
0	1	1896	528	24	24	46
0	1	1616	744	24	24	47
0	1	1896	744	24	24	48
0	1	1640	528	256	24	49
0	1	1616	552	24	192	51
0	1	1640	744	256	24	52
0	1	1896	552	24	192	50
0	1	1896	272	24	24	46
0	1	1896	488	24	24	48
0	1	1896	296	24	192	50
0	1	1296	272	24	24	45
0	1	1296	488	24	24	47
0	1	1320	272	576	24	49
0	1	1296	296	24	192	51
0	1	1320	488	576	24	52
0	1	976	272	24	24	45
0	1	1256	272	24	24	46
0	1	976	488	24	24	47
0	1	1256	488	24	24	48
0	1	1000	272	256	24	49
0	1	976	296	24	192	51
0	1	1000	488	256	24	52
0	1	1256	296	24	192	50
0	1	656	272	24	24	45
0	1	936	272	24	24	46
0	1	656	488	24	24	47
0	1	936	488	24	24	48
0	1	680	272	256	24	49
0	1	656	296	24	192	51
0	1	680	488	256	24	52
0	1	936	296	24	192	50
0	1	976	16	24	24	45
0	1	1256	16	24	24	46
0	1	976	232	24	24	47
0	1	1256	232	24	24	48
0	1	1000	16	256	24	49
0	1	976	40	24	192	51
0	1	1000	232	256	24	52
0	1	1256	40	24	192	50
0	1	656	1552	24	24	56
0	1	1648	1584	240	176	319
0	1	1648	1328	240	176	319
0	1	1328	1328	240	432	421
0	1	1320	1328	8	432	237
0	1	1328	1760	240	8	236
0	1	1568	1328	8	432	238
0	1	1328	1320	240	8	179
1	1	1128	1773	from_outside	1	0
9	1	1016	1693	block	-1	0	1
9	1	1016	1661	block_2	-1	0	1
9	1	1128	1677	block_3	-1	0	1
9	1	1240	1661	block_4	-1	0	1
9	1	1240	1693	block_5	-1	0	1
18	1	984	1656	door	2	1	0
9	1	1112	1757	block_6	-1	0	1
9	1	1144	1757	block_7	-1	0	1
9	1	1112	1597	block_8	-1	0	1
9	1	1144	1597	block_9	-1	0	1
0	2	976	1656	8	32	352
0	2	1272	1656	8	32	353
0	2	1112	1552	32	8	154
0	2	0	1552	16	240	170
0	2	0	1792	1936	16	170
0	2	1920	1288	16	504	170
0	2	1600	1296	16	496	170
