640	480	-1	2	1504	728	-1	3	cave.spc
0	0	64	56	512	352	3
0	0	184	416	24	24	59
0	0	240	40	48	24	224
0	0	40	40	24	24	57
0	0	64	40	32	24	224
0	0	40	64	24	352	227
0	0	64	64	8	352	218
0	0	64	64	8	8	212
0	0	576	40	24	24	58
0	0	576	64	24	352	225
0	0	272	48	8	16	286
0	0	248	48	8	16	285
0	0	424	48	8	16	286
0	0	400	48	8	16	285
0	0	408	48	16	16	251
0	0	256	48	16	16	251
0	0	288	40	24	24	58
0	0	376	40	24	24	57
0	0	216	416	16	16	294
0	0	208	416	8	16	288
0	0	232	416	8	16	287
0	0	216	432	16	32	3
0	0	216	464	16	8	70
0	0	208	440	8	24	71
0	0	232	440	8	24	71
0	0	216	40	24	24	57
0	0	288	64	24	48	225
0	0	288	112	24	24	60
0	0	184	56	24	24	57
0	0	184	80	24	80	227
0	0	208	56	16	24	224
0	0	216	56	24	24	68
0	0	256	112	32	24	226
0	0	240	128	24	80	225
0	0	112	152	80	24	224
0	0	96	64	24	96	225
0	0	96	40	24	24	58
0	0	240	112	24	24	65
0	0	184	152	24	24	68
0	0	96	152	24	24	67
0	0	64	64	32	8	216
0	0	88	64	8	112	219
0	0	96	176	112	8	216
0	0	208	80	32	8	216
0	0	240	64	48	8	216
0	0	280	64	8	48	219
0	0	232	112	8	96	219
0	0	240	104	48	8	217
0	0	208	80	8	96	218
0	0	240	64	8	16	218
0	0	64	64	8	8	212
0	0	208	80	8	8	212
0	0	240	64	8	8	212
0	0	88	64	8	8	213
0	0	280	64	8	8	213
0	0	280	104	8	8	215
0	0	240	80	8	8	222
0	0	232	104	8	8	220
0	0	208	176	8	8	222
0	0	88	176	8	8	223
0	0	240	208	24	24	60
0	0	112	208	128	24	226
0	0	96	224	24	80	225
0	0	96	208	24	24	65
0	0	240	296	24	24	58
0	0	112	296	128	24	224
0	0	96	296	24	24	67
0	0	240	416	24	24	60
0	0	240	320	24	96	225
0	0	40	416	24	24	59
0	0	96	200	144	8	217
0	0	96	320	144	8	216
0	0	232	320	8	96	219
0	0	88	208	8	112	219
0	0	64	416	32	24	226
0	0	96	368	24	48	225
0	0	112	352	80	24	226
0	0	184	368	24	48	227
0	0	96	352	24	24	65
0	0	184	352	24	24	66
0	0	96	416	24	24	60
0	0	208	352	8	64	218
0	0	88	352	8	64	219
0	0	96	344	112	8	217
0	0	64	408	32	8	217
0	0	208	408	32	8	217
0	0	232	200	8	8	215
0	0	232	408	8	8	215
0	0	88	408	8	8	215
0	0	64	408	8	8	214
0	0	208	408	8	8	214
0	0	88	344	8	8	220
0	0	88	200	8	8	220
0	0	88	320	8	8	223
0	0	208	344	8	8	221
0	0	232	320	8	8	213
0	0	432	40	24	24	58
0	0	520	40	24	24	57
0	0	568	48	8	16	286
0	0	544	48	8	16	285
0	0	552	48	16	16	250
0	0	376	64	24	144	227
0	0	432	64	24	192	225
0	0	328	200	24	24	57
0	0	328	224	24	176	227
0	0	328	400	24	24	59
0	0	352	200	32	24	224
0	0	376	200	24	24	68
0	0	432	256	24	24	60
0	0	400	256	32	24	226
0	0	384	272	24	80	225
0	0	384	256	24	24	65
0	0	352	400	176	24	226
0	0	400	344	128	24	224
0	0	520	64	24	288	227
0	0	576	416	24	24	60
0	0	520	344	24	24	68
0	0	384	344	24	24	67
0	0	400	64	32	8	216
0	0	544	64	32	8	216
0	0	384	368	160	8	216
0	0	400	64	8	160	218
0	0	544	64	8	304	218
0	0	352	224	8	176	218
0	0	376	256	8	112	219
0	0	568	64	8	352	219
0	0	424	64	8	192	219
0	0	384	248	48	8	217
0	0	352	392	192	8	217
0	0	352	224	48	8	216
0	0	400	64	8	8	212
0	0	544	64	8	8	212
0	0	352	224	8	8	212
0	0	424	64	8	8	213
0	0	568	64	8	8	213
0	0	352	392	8	8	214
0	0	376	368	8	8	223
0	0	544	368	8	8	222
0	0	376	248	8	8	220
0	0	400	224	8	8	222
0	0	424	248	8	8	215
0	0	72	72	16	48	364
0	0	72	360	16	48	364
0	0	544	416	32	24	226
0	0	520	416	24	24	59
0	0	520	400	24	24	66
0	0	544	408	32	8	217
0	0	568	408	8	8	215
0	0	544	400	8	16	218
0	0	544	408	8	8	214
0	0	544	392	8	8	221
1	0	560	61	from_4f	3	0
1	0	416	61	from_2f_e	3	0
1	0	264	61	from_2f_w	3	0
1	0	224	429	from_outside	1	0
2	0	216	448	16	16	teletransporter_4	0	1	7	from_east_mountains_cave_3f
2	0	256	48	16	16	teletransporter	0	1	112	from_3f_w
2	0	408	48	16	16	teletransporter_2	0	1	112	from_3f_e
19	0	256	48	stairs	1	1
19	0	408	48	stairs_2	1	1
4	0	80	117	0	_random	1	-1
4	0	80	101	0	_random	1	-1
4	0	80	85	0	_random	1	-1
4	0	80	405	0	_random	1	-1
4	0	80	389	0	heart	1	-1
4	0	80	373	0	_random	1	-1
7	0	224	197	enemy	3	blue_hardhat_beetle	0	-1	_random	1	-1
7	0	144	349	enemy_2	3	red_hardhat_beetle	0	-1	_random	1	-1
7	0	368	261	enemy_4	3	blue_hardhat_beetle	0	-1	_random	1	-1
7	0	560	325	enemy_5	3	red_hardhat_beetle	0	-1	_random	1	-1
7	0	80	221	enemy_7	3	tentacle	0	-1	_random	1	-1
7	0	208	341	enemy_3	3	tentacle	0	-1	_random	1	-1
7	0	80	333	enemy_6	3	tentacle	0	-1	_random	1	-1
7	0	176	205	enemy_8	3	tentacle	0	-1	_random	1	-1
7	0	88	141	enemy_9	3	tentacle	0	-1	_random	1	-1
7	0	368	341	enemy_10	3	tentacle	0	-1	_random	1	-1
7	0	456	389	enemy_11	3	tentacle	0	-1	_random	1	-1
7	0	568	253	enemy_12	3	tentacle	0	-1	_random	1	-1
7	0	416	197	enemy_13	3	tentacle	0	-1	_random	1	-1
7	0	568	413	enemy_14	3	tentacle	0	-1	_random	1	-1
2	0	552	48	16	16	teletransporter_3	0	1	114	from_3f
19	0	552	48	stairs_3	1	0
0	1	528	40	64	8	413
0	1	384	40	64	8	413
0	1	224	40	64	8	413
0	1	248	40	32	8	311
0	1	192	432	64	8	414
0	1	16	16	24	24	45
0	1	600	16	24	24	46
0	1	16	440	24	24	47
0	1	40	16	560	24	49
0	1	16	40	24	400	51
0	1	40	440	224	24	52
0	1	600	40	24	400	50
0	1	400	40	32	8	311
0	1	312	16	24	24	46
0	1	208	432	32	8	312
0	1	312	40	24	96	50
0	1	352	40	24	144	51
0	1	352	16	24	24	45
0	1	192	16	24	24	45
0	1	160	32	24	24	45
0	1	160	56	24	80	51
0	1	184	32	16	24	49
0	1	192	32	24	24	56
0	1	280	136	32	24	52
0	1	312	136	24	24	48
0	1	120	16	24	24	46
0	1	120	40	24	96	50
0	1	136	128	32	24	49
0	1	160	128	24	24	56
0	1	120	128	24	24	55
0	1	264	152	24	80	50
0	1	264	232	24	24	48
0	1	136	232	128	24	52
0	1	120	248	24	32	50
0	1	136	272	128	24	49
0	1	264	296	24	144	50
0	1	120	272	24	24	55
0	1	120	232	24	24	53
0	1	264	272	24	24	46
0	1	264	136	24	24	53
0	1	264	440	24	24	48
0	1	120	440	24	24	48
0	1	160	440	24	24	47
0	1	120	392	24	48	50
0	1	160	392	24	48	51
0	1	136	376	32	24	52
0	1	120	376	24	24	53
0	1	160	376	24	24	54
0	1	544	40	32	8	311
0	1	456	16	24	24	46
0	1	496	16	24	24	45
0	1	256	40	16	8	348
0	1	408	40	16	8	348
0	1	552	40	16	8	346
0	1	304	176	24	24	45
0	1	328	176	32	24	49
0	1	352	176	24	24	56
0	1	304	200	24	224	51
0	1	304	424	24	24	47
0	1	456	40	24	240	50
0	1	328	424	176	24	52
0	1	496	40	24	288	51
0	1	424	280	32	24	52
0	1	456	280	24	24	48
0	1	408	296	24	48	50
0	1	408	280	24	24	53
0	1	424	320	80	24	49
0	1	600	440	24	24	48
0	1	496	320	24	24	56
0	1	520	440	80	24	52
0	1	496	440	24	24	47
0	1	496	424	24	24	54
0	2	0	0	640	16	170
0	2	0	464	640	16	170
0	2	0	16	16	448	170
0	2	624	16	16	448	170
0	2	144	32	16	96	170
0	2	144	16	48	16	170
0	2	144	400	16	64	170
0	2	144	256	144	16	170
0	2	336	16	16	144	170
0	2	288	160	64	16	170
0	2	288	176	16	272	170
0	2	288	448	208	16	170
0	2	480	16	16	288	170
0	2	432	304	64	16	170
