2576	2256	9	0	0	0	285	15	dark_world_dungeon.spc
0	0	1024	1792	208	144	303
0	0	1344	1280	528	400	303
0	0	2304	1312	208	368	303
0	0	1032	1544	64	128	537
0	0	1096	1544	8	128	314
0	0	704	768	208	144	303
0	0	1984	256	208	400	303
0	0	1352	776	512	128	537
0	0	1344	256	528	352	303
0	0	1320	232	24	24	57
0	0	1320	256	24	352	235
0	0	1344	232	528	24	232
0	0	1568	256	80	80	537
0	0	1344	256	16	16	255
0	0	1344	272	16	320	260
0	0	1360	256	208	16	259
0	0	1872	232	24	24	58
0	0	1872	256	24	352	233
0	0	1856	256	16	16	256
0	0	1648	256	208	16	259
0	0	1856	272	16	320	261
0	0	1568	256	80	8	311
0	0	1472	512	64	48	537
0	0	1488	368	32	144	537
0	0	1472	320	64	48	537
0	0	1680	512	64	48	537
0	0	1696	368	32	144	537
0	0	1680	320	64	48	537
0	0	1464	560	8	8	254
0	0	1464	368	8	8	254
0	0	1464	312	8	8	251
0	0	1464	504	8	8	251
0	0	1536	560	8	8	253
0	0	1536	368	8	8	253
0	0	1536	312	8	8	252
0	0	1536	504	8	8	252
0	0	1520	504	8	8	246
0	0	1480	368	8	8	244
0	0	1480	504	8	8	245
0	0	1520	368	8	8	243
0	0	1472	312	64	8	249
0	0	1472	504	8	8	249
0	0	1528	504	8	8	249
0	0	1536	320	8	48	248
0	0	1520	376	8	128	248
0	0	1536	512	8	48	248
0	0	1528	368	8	8	247
0	0	1472	368	8	8	247
0	0	1472	560	64	8	247
0	0	1464	320	8	48	250
0	0	1480	376	8	128	250
0	0	1464	512	8	48	250
0	0	1488	320	16	16	619
0	0	1488	544	16	16	619
0	0	1672	560	8	8	254
0	0	1672	368	8	8	254
0	0	1672	312	8	8	251
0	0	1672	504	8	8	251
0	0	1744	560	8	8	253
0	0	1744	368	8	8	253
0	0	1744	312	8	8	252
0	0	1744	504	8	8	252
0	0	1728	504	8	8	246
0	0	1688	368	8	8	244
0	0	1688	504	8	8	245
0	0	1728	368	8	8	243
0	0	1680	312	64	8	249
0	0	1680	504	8	8	249
0	0	1736	504	8	8	249
0	0	1744	320	8	48	248
0	0	1728	376	8	128	248
0	0	1744	512	8	48	248
0	0	1736	368	8	8	247
0	0	1680	368	8	8	247
0	0	1680	560	64	8	247
0	0	1672	320	8	48	250
0	0	1688	376	8	128	250
0	0	1672	512	8	48	250
0	0	1712	544	16	16	619
0	0	1712	320	16	16	619
0	0	1320	608	24	24	59
0	0	1344	608	528	24	234
0	0	1872	608	24	24	60
0	0	1856	592	16	16	257
0	0	1344	592	16	16	258
0	0	1360	592	496	16	262
0	0	1568	560	80	48	537
0	0	1568	600	80	8	312
0	0	1584	544	48	16	537
0	0	1320	744	24	24	57
0	0	1640	744	24	24	57
0	0	1320	912	24	24	59
0	0	1552	768	24	32	233
0	0	1320	768	24	144	235
0	0	1552	744	24	24	58
0	0	1344	744	208	24	232
0	0	1344	912	528	24	234
0	0	1872	912	24	24	60
0	0	1872	744	24	24	58
0	0	1872	768	24	144	233
0	0	1664	744	208	24	232
0	0	1640	768	24	32	235
0	0	1568	792	80	24	232
0	0	1552	792	24	24	67
0	0	1640	792	24	24	68
0	0	1344	768	8	8	307
0	0	1544	768	8	8	308
0	0	1344	904	8	8	310
0	0	1352	768	192	8	311
0	0	1344	776	8	128	313
0	0	1352	904	512	8	312
0	0	1544	776	8	48	314
0	0	1864	768	8	8	308
0	0	1664	768	8	8	307
0	0	1864	904	8	8	309
0	0	1864	776	8	128	314
0	0	1672	768	192	8	311
0	0	1664	776	8	48	313
0	0	1552	816	112	8	311
0	0	1664	816	16	64	2
0	0	1536	816	16	64	2
0	0	1600	800	16	24	290
0	0	1592	800	8	24	288
0	0	1616	800	8	24	289
0	0	1568	848	80	32	612
0	0	1384	800	16	16	276
0	0	1496	800	16	16	276
0	0	1496	864	16	16	276
0	0	1384	864	16	16	276
0	0	1960	232	24	24	57
0	0	2192	232	24	24	58
0	0	1984	232	208	24	232
0	0	1984	256	16	16	255
0	0	2176	256	16	16	256
0	0	2000	256	176	16	259
0	0	1960	656	24	24	59
0	0	2192	656	24	24	60
0	0	1984	656	208	24	234
0	0	1960	256	24	400	235
0	0	2192	256	24	400	233
0	0	1984	640	16	16	258
0	0	2176	640	16	16	257
0	0	2000	640	176	16	262
0	0	1984	272	16	368	260
0	0	2176	272	16	368	261
0	0	1960	792	24	24	57
0	0	2192	792	24	24	58
0	0	2192	864	24	24	60
0	0	1960	864	24	24	59
0	0	1960	816	24	48	235
0	0	2192	816	24	48	233
0	0	1984	792	208	24	232
0	0	1984	864	208	24	234
0	0	1992	824	192	32	537
0	0	1984	856	8	8	310
0	0	1984	816	8	8	307
0	0	2184	816	8	8	308
0	0	2184	856	8	8	309
0	0	1992	816	192	8	311
0	0	1992	856	192	8	312
0	0	1984	824	8	32	313
0	0	2184	824	8	32	314
0	0	2080	800	16	24	290
0	0	2072	800	8	24	288
0	0	2096	800	8	24	289
0	0	680	744	24	24	57
0	0	912	744	24	24	58
0	0	912	912	24	24	60
0	0	680	912	24	24	59
0	0	704	744	208	24	232
0	0	912	768	24	144	233
0	0	704	912	208	24	234
0	0	680	768	24	144	235
0	0	704	768	16	16	255
0	0	704	896	16	16	258
0	0	896	896	16	16	257
0	0	896	768	16	16	256
0	0	720	768	176	16	259
0	0	896	784	16	112	261
0	0	720	896	176	16	262
0	0	704	784	16	112	260
0	0	1000	1512	24	24	57
0	0	1104	1512	24	24	58
0	0	1104	1680	24	24	60
0	0	1000	1680	24	24	59
0	0	1000	1536	24	144	235
0	0	1024	1512	80	24	232
0	0	1024	1680	80	24	234
0	0	1104	1536	24	144	233
0	0	1024	1536	8	8	307
0	0	1024	1672	8	8	310
0	0	1096	1672	8	8	309
0	0	1096	1536	8	8	308
0	0	1096	1600	24	16	294
0	0	1096	1592	24	8	292
0	0	1096	1616	24	8	293
0	0	1024	1544	8	128	313
0	0	1032	1536	64	8	311
0	0	1032	1672	64	8	312
0	0	1064	1832	128	64	537
0	0	1072	1824	112	8	311
0	0	1072	1896	112	8	312
0	0	1192	1840	8	48	314
0	0	1056	1840	8	48	313
0	0	2280	1360	24	224	235
0	0	2512	1312	24	368	233
0	0	2480	1680	32	24	234
0	0	2512	1680	24	24	60
0	0	2496	1664	16	16	257
0	0	2480	1664	16	16	262
0	0	2496	1312	16	352	261
0	0	2304	1360	16	224	260
0	0	1984	1456	8	32	313
0	0	1960	1448	24	48	235
0	0	1960	1424	24	24	57
0	0	1960	1496	24	24	59
0	0	2192	1424	24	24	58
0	0	2192	1496	24	24	60
0	0	1984	1496	208	24	234
0	0	2192	1448	24	48	233
0	0	1984	1424	208	24	232
0	0	1992	1488	192	8	312
0	0	1984	1448	8	8	307
0	0	1984	1488	8	8	310
0	0	2184	1488	8	8	309
0	0	2184	1448	8	8	308
0	0	1992	1448	192	8	311
0	0	2184	1456	8	32	314
0	0	2080	1488	16	24	302
0	0	2072	1488	8	24	300
0	0	2096	1488	8	24	301
0	0	1992	1456	192	32	537
0	0	1320	1256	24	24	57
0	0	1872	1256	24	24	58
0	0	1872	1680	24	24	60
0	0	1320	1680	24	24	59
0	0	1344	1256	528	24	232
0	0	1872	1280	24	400	233
0	0	1344	1680	528	24	234
0	0	1320	1280	24	400	235
0	0	1344	1280	16	16	255
0	0	1856	1280	16	16	256
0	0	1856	1664	16	16	257
0	0	1344	1664	16	16	258
0	0	1856	1296	16	368	261
0	0	1344	1296	16	368	260
0	0	1360	1280	496	16	259
0	0	1360	1664	496	16	262
19	0	1600	800	stairs	1	4
1	0	1008	1269	destination_point	-1	1
15	0	1072	1568	32	16	1
15	0	1072	1632	32	16	1
15	0	1072	1584	16	48	1
15	0	1024	1648	32	16	0
15	0	1040	1664	16	16	0
0	1	1968	1520	240	176	540
0	1	1968	1264	240	160	540
0	1	1648	1776	240	176	540
0	1	1648	2032	240	176	540
0	1	1744	2184	24	24	399
0	1	1768	2184	24	24	401
0	1	1008	1936	240	272	540
0	1	688	2032	240	176	540
0	1	688	1776	240	176	540
0	1	688	1520	240	176	540
0	1	1128	1520	128	176	540
0	1	1136	1512	112	8	179
0	1	1136	1696	112	8	236
0	1	1008	1264	240	176	540
0	1	688	1264	240	176	540
0	1	1960	1232	256	24	49
0	1	1320	1232	576	24	49
0	1	1000	1232	256	24	49
0	1	1008	288	240	384	540
0	1	688	1008	240	176	540
0	1	1008	1040	240	144	540
0	1	1104	896	48	144	540
0	1	1152	896	96	8	236
0	1	1968	1008	240	176	540
0	1	1328	1008	240	176	540
0	1	1736	976	64	24	49
0	1	1792	1064	96	8	179
0	1	1648	1064	96	8	179
0	1	1744	1008	48	64	540
0	1	1792	1000	8	64	238
0	1	1736	1000	8	64	237
0	1	1960	744	256	48	540
0	1	1960	888	256	48	540
0	1	1328	632	560	48	540
0	1	928	272	80	144	540
0	1	688	272	32	144	540
0	1	720	272	208	144	303
0	1	48	272	48	112	540
0	1	48	384	304	32	540
0	1	48	240	304	32	540
0	1	256	272	112	112	540
0	1	368	240	240	176	540
0	1	96	272	160	112	303
0	1	144	296	64	64	540
0	1	104	48	144	112	540
0	1	72	16	24	24	45
0	1	72	168	24	24	47
0	1	256	16	24	24	46
0	1	256	168	24	24	48
0	1	96	16	160	24	49
0	1	72	40	24	128	51
0	1	96	168	160	24	52
0	1	256	40	24	128	50
0	1	96	40	8	8	14
0	1	248	40	8	8	15
0	1	248	160	8	8	17
0	1	96	160	8	8	16
0	1	96	48	8	112	237
0	1	248	48	8	112	238
0	1	104	40	144	8	179
0	1	104	160	144	8	236
0	1	96	40	16	16	276
0	1	240	40	16	16	276
0	1	240	152	16	16	276
0	1	96	152	16	16	276
0	1	144	136	64	8	311
0	1	208	64	8	8	318
0	1	208	136	8	8	315
0	1	136	64	8	8	317
0	1	136	136	8	8	316
0	1	136	72	8	64	314
0	1	208	72	8	64	313
0	1	144	64	64	8	312
0	1	144	72	64	64	537
0	1	16	208	24	24	45
0	1	16	424	24	24	47
0	1	16	232	24	192	51
0	1	616	208	24	24	46
0	1	40	208	576	24	49
0	1	40	424	576	24	52
0	1	616	424	24	24	48
0	1	616	232	24	192	50
0	1	40	232	8	8	14
0	1	40	416	8	8	16
0	1	40	240	8	176	237
0	1	48	232	560	8	179
0	1	48	416	560	8	236
0	1	608	416	8	8	17
0	1	608	232	8	8	15
0	1	608	240	8	176	238
0	1	48	272	32	16	619
0	1	48	368	32	16	619
0	1	88	208	32	24	345
0	1	232	208	32	24	345
0	1	96	272	8	8	243
0	1	96	376	8	8	246
0	1	96	280	8	96	248
0	1	144	296	16	16	619
0	1	144	344	16	16	619
0	1	192	344	16	16	619
0	1	192	296	16	16	619
0	1	104	376	144	8	249
0	1	248	376	8	8	245
0	1	104	272	144	8	247
0	1	248	272	8	8	244
0	1	112	320	16	16	540
0	1	224	320	16	16	540
0	1	104	336	8	8	254
0	1	216	336	8	8	254
0	1	128	320	8	16	248
0	1	240	320	8	16	248
0	1	112	312	16	8	249
0	1	224	312	16	8	249
0	1	104	320	8	16	250
0	1	216	320	8	16	250
0	1	248	280	8	96	250
0	1	112	336	16	8	247
0	1	224	336	16	8	247
0	1	104	312	8	8	251
0	1	216	312	8	8	251
0	1	240	312	8	8	252
0	1	128	312	8	8	252
0	1	128	336	8	8	253
0	1	240	336	8	8	253
0	1	136	360	8	8	254
0	1	136	288	8	8	251
0	1	208	360	8	8	253
0	1	144	288	64	8	249
0	1	208	288	8	8	252
0	1	208	296	8	64	248
0	1	144	360	64	8	247
0	1	136	296	8	64	250
0	1	272	272	96	16	619
0	1	272	368	96	16	619
0	1	96	416	16	32	342
0	1	224	416	16	32	342
0	1	576	240	32	32	323
0	1	576	384	32	32	323
0	1	448	304	80	16	612
0	1	448	336	80	16	612
0	1	448	320	16	16	612
0	1	512	320	16	16	612
0	1	424	272	80	8	70
0	1	424	376	80	8	70
0	1	416	272	8	8	69
0	1	416	376	8	8	69
0	1	544	376	8	8	69
0	1	544	272	8	8	69
0	1	536	376	8	8	70
0	1	536	272	8	8	70
0	1	504	272	8	8	69
0	1	528	272	8	8	69
0	1	528	376	8	8	69
0	1	504	376	8	8	69
0	1	416	280	8	96	71
0	1	544	312	8	8	69
0	1	544	336	8	8	69
0	1	544	280	8	32	71
0	1	544	344	8	32	71
0	1	160	216	8	16	72
0	1	184	216	8	16	73
0	1	160	168	8	16	74
0	1	184	168	8	16	75
0	1	168	216	16	16	76
0	1	168	168	16	16	77
0	1	168	184	16	32	540
0	1	184	192	8	16	71
0	1	160	192	8	16	71
0	1	80	368	16	16	276
0	1	256	368	16	16	276
0	1	256	272	16	16	276
0	1	80	272	16	16	276
0	1	656	240	24	24	45
0	1	656	424	24	24	47
0	1	1000	240	24	24	46
0	1	656	264	24	160	51
0	1	680	240	320	24	49
0	1	680	424	304	24	52
0	1	680	264	8	8	14
0	1	680	416	8	8	16
0	1	680	272	8	144	237
0	1	688	264	304	8	179
0	1	688	416	320	8	236
0	1	976	680	24	24	47
0	1	1256	680	24	24	48
0	1	976	440	24	240	51
0	1	1000	680	256	24	52
0	1	1248	672	8	8	17
0	1	1000	424	8	256	237
0	1	1008	672	240	8	236
0	1	1256	288	24	24	46
0	1	1016	256	144	24	49
0	1	1256	312	24	368	50
0	1	1248	320	8	352	238
0	1	1000	280	160	8	179
0	1	656	720	24	24	45
0	1	656	936	24	24	47
0	1	936	720	24	24	46
0	1	936	936	24	24	48
0	1	656	744	24	192	51
0	1	680	720	256	24	49
0	1	936	744	24	192	50
0	1	680	936	256	24	52
0	1	656	976	24	24	45
0	1	656	1192	24	24	47
0	1	936	976	24	24	46
0	1	936	1192	24	24	48
0	1	656	1000	24	192	51
0	1	680	976	256	24	49
0	1	936	1000	24	192	50
0	1	680	1192	256	24	52
0	1	680	1000	8	8	14
0	1	928	1000	8	8	15
0	1	928	1184	8	8	17
0	1	680	1184	8	8	16
0	1	680	1008	8	176	237
0	1	928	1008	8	176	238
0	1	688	1000	240	8	179
0	1	688	1184	240	8	236
0	1	976	1008	24	24	45
0	1	976	1192	24	24	47
0	1	1256	1008	24	24	46
0	1	1256	1192	24	24	48
0	1	976	1032	24	160	51
0	1	1000	1008	80	24	49
0	1	1256	1032	24	160	50
0	1	1000	1192	256	24	52
0	1	1000	1032	8	8	14
0	1	1248	1032	8	8	15
0	1	1248	1184	8	8	17
0	1	1000	1184	8	8	16
0	1	1000	1040	8	144	237
0	1	1248	1040	8	144	238
0	1	1008	1032	96	8	179
0	1	1008	1184	240	8	236
0	1	976	720	24	24	45
0	1	976	904	24	24	47
0	1	1256	720	24	24	46
0	1	1256	904	24	24	48
0	1	976	744	24	160	51
0	1	1000	720	256	24	49
0	1	1256	744	24	160	50
0	1	1000	904	80	24	52
0	1	1000	744	8	8	14
0	1	1248	744	8	8	15
0	1	1248	896	8	8	17
0	1	1000	896	8	8	16
0	1	1000	752	8	144	237
0	1	1248	752	8	144	238
0	1	1008	744	240	8	179
0	1	1008	896	96	8	236
0	1	1296	208	24	24	45
0	1	1296	232	24	448	51
0	1	1320	208	576	24	49
0	1	1296	680	24	24	47
0	1	1320	680	576	24	52
0	1	1320	632	8	48	237
0	1	1328	672	560	8	236
0	1	1896	680	24	24	48
0	1	1888	432	8	48	238
0	1	1896	208	24	24	46
0	1	1896	232	24	448	50
0	1	1296	720	24	24	45
0	1	1296	936	24	24	47
0	1	1296	744	24	192	51
0	1	1320	720	576	24	49
0	1	1320	936	576	24	52
0	1	1296	976	24	24	45
0	1	1296	1192	24	24	47
0	1	1576	976	24	24	46
0	1	1576	1192	24	24	48
0	1	1296	1000	24	192	51
0	1	1320	976	256	24	49
0	1	1576	1000	24	192	50
0	1	1320	1192	256	24	52
0	1	1320	1000	8	8	14
0	1	1568	1000	8	8	15
0	1	1568	1184	8	8	17
0	1	1320	1184	8	8	16
0	1	1320	1008	8	176	237
0	1	1568	1008	8	176	238
0	1	1328	1000	240	8	179
0	1	1328	1184	240	8	236
0	1	1616	1040	24	24	45
0	1	1616	1192	24	24	47
0	1	1896	1040	24	24	46
0	1	1896	1192	24	24	48
0	1	1616	1064	24	128	51
0	1	1640	1040	80	24	49
0	1	1896	1064	24	128	50
0	1	1640	1192	256	24	52
0	1	1640	1064	8	8	14
0	1	1888	1064	8	8	15
0	1	1888	1184	8	8	17
0	1	1640	1184	8	8	16
0	1	1640	1072	8	112	237
0	1	1888	1072	8	112	238
0	1	1648	1184	240	8	236
0	1	1896	720	24	24	46
0	1	1896	936	24	24	48
0	1	1896	744	24	192	50
0	1	1744	744	48	8	179
0	1	1744	928	48	8	236
0	1	1936	680	24	24	47
0	1	2216	680	24	24	48
0	1	1960	680	256	24	52
0	1	2064	672	48	8	236
0	1	1936	208	24	24	45
0	1	2216	208	24	24	46
0	1	1936	232	24	448	51
0	1	1960	208	256	24	49
0	1	2216	232	24	448	50
0	1	1960	432	8	48	237
0	1	1936	976	24	24	45
0	1	1936	1192	24	24	47
0	1	2216	976	24	24	46
0	1	2216	1192	24	24	48
0	1	1936	1000	24	192	51
0	1	1960	976	256	24	49
0	1	2216	1000	24	192	50
0	1	1960	1192	256	24	52
0	1	1960	1000	8	8	14
0	1	2208	1000	8	8	15
0	1	2208	1184	8	8	17
0	1	1960	1184	8	8	16
0	1	1960	1008	8	176	237
0	1	2208	1008	8	176	238
0	1	1968	1000	240	8	179
0	1	1968	1184	240	8	236
0	1	1936	720	24	24	45
0	1	1936	936	24	24	47
0	1	2216	720	24	24	46
0	1	2216	936	24	24	48
0	1	1936	744	24	192	51
0	1	1960	720	256	24	49
0	1	2216	744	24	192	50
0	1	1960	936	256	24	52
0	1	1960	744	8	48	237
0	1	2208	744	8	48	238
0	1	1968	744	240	8	179
0	1	1968	928	240	8	236
0	1	976	424	24	24	54
0	1	992	264	8	16	238
0	1	992	264	8	8	15
0	1	992	280	8	8	240
0	1	1000	256	24	24	55
0	1	1152	280	8	32	238
0	1	1152	280	8	8	15
0	1	1152	312	8	8	240
0	1	1160	312	96	8	179
0	1	1248	312	8	8	15
0	1	1160	256	24	24	46
0	1	1160	280	24	16	50
0	1	1176	288	80	24	49
0	1	1160	288	24	24	55
0	1	1000	672	8	8	16
0	1	1000	416	8	8	242
0	1	688	272	32	32	323
0	1	688	384	32	32	323
0	1	960	272	32	32	323
0	1	960	384	32	32	323
0	1	720	272	8	144	248
0	1	784	272	16	32	540
0	1	784	320	16	32	540
0	1	768	368	32	16	540
0	1	736	368	16	16	540
0	1	816	272	16	16	540
0	1	848	272	32	16	540
0	1	816	304	32	16	540
0	1	864	304	16	16	540
0	1	816	336	16	16	540
0	1	816	368	16	32	540
0	1	848	336	16	32	540
0	1	848	384	32	16	540
0	1	880	336	32	16	540
0	1	920	272	8	144	250
0	1	928	272	32	32	323
0	1	928	384	32	32	323
0	1	720	240	32	24	345
0	1	728	384	8	8	254
0	1	760	384	8	8	254
0	1	776	352	8	8	254
0	1	808	352	8	8	254
0	1	808	400	8	8	254
0	1	840	400	8	8	254
0	1	840	368	8	8	254
0	1	872	352	8	8	254
0	1	856	320	8	8	254
0	1	808	320	8	8	254
0	1	776	304	8	8	254
0	1	808	288	8	8	254
0	1	840	288	8	8	254
0	1	728	360	8	8	251
0	1	760	360	8	8	251
0	1	776	312	8	8	251
0	1	808	296	8	8	251
0	1	856	296	8	8	251
0	1	872	328	8	8	251
0	1	840	328	8	8	251
0	1	808	328	8	8	251
0	1	808	360	8	8	251
0	1	840	376	8	8	251
0	1	800	304	8	8	253
0	1	800	352	8	8	253
0	1	752	384	8	8	253
0	1	800	384	8	8	253
0	1	832	400	8	8	253
0	1	880	400	8	8	253
0	1	912	352	8	8	253
0	1	864	368	8	8	253
0	1	880	320	8	8	253
0	1	880	288	8	8	253
0	1	848	320	8	8	253
0	1	832	288	8	8	253
0	1	752	360	8	8	252
0	1	800	360	8	8	252
0	1	832	360	8	8	252
0	1	880	376	8	8	252
0	1	864	328	8	8	252
0	1	912	328	8	8	252
0	1	832	328	8	8	252
0	1	800	312	8	8	252
0	1	848	296	8	8	252
0	1	880	296	8	8	252
0	1	800	272	8	32	248
0	1	832	272	8	16	248
0	1	880	272	8	16	248
0	1	912	336	8	16	248
0	1	880	304	8	16	248
0	1	848	304	8	16	248
0	1	800	320	8	32	248
0	1	752	368	8	16	248
0	1	800	368	8	16	248
0	1	832	368	8	32	248
0	1	880	384	8	16	248
0	1	864	336	8	32	248
0	1	832	336	8	16	248
0	1	832	352	8	8	253
0	1	736	384	16	8	247
0	1	768	384	32	8	247
0	1	816	400	16	8	247
0	1	848	400	32	8	247
0	1	848	368	16	8	247
0	1	880	352	32	8	247
0	1	864	320	16	8	247
0	1	816	352	16	8	247
0	1	784	352	16	8	247
0	1	784	304	16	8	247
0	1	816	288	16	8	247
0	1	816	320	32	8	247
0	1	848	288	32	8	247
0	1	736	360	16	8	249
0	1	768	360	32	8	249
0	1	816	360	16	8	249
0	1	848	376	32	8	249
0	1	848	328	16	8	249
0	1	880	328	32	8	249
0	1	864	296	16	8	249
0	1	816	296	32	8	249
0	1	816	328	16	8	249
0	1	784	312	16	8	249
0	1	728	368	8	16	250
0	1	760	368	8	16	250
0	1	808	368	8	32	250
0	1	840	384	8	16	250
0	1	840	336	8	32	250
0	1	872	336	8	16	250
0	1	808	336	8	16	250
0	1	776	320	8	32	250
0	1	808	304	8	16	250
0	1	856	304	8	16	250
0	1	840	272	8	16	250
0	1	808	272	8	16	250
0	1	776	272	8	32	250
0	1	976	336	48	16	619
0	1	1024	304	16	80	619
0	1	1040	336	16	16	619
0	1	1056	304	48	80	619
0	1	1104	336	16	16	619
0	1	1120	304	16	80	619
0	1	1136	336	48	16	619
0	1	1152	368	16	64	619
0	1	1184	368	16	16	2
0	1	1200	384	16	16	2
0	1	1216	400	16	16	2
0	1	1136	416	16	16	619
0	1	1104	416	16	16	619
0	1	1072	416	16	224	619
0	1	1008	416	48	48	619
0	1	1024	480	32	48	619
0	1	1056	496	16	16	619
0	1	1024	544	32	32	619
0	1	1008	560	16	16	619
0	1	1024	592	32	48	619
0	1	1056	624	16	16	619
0	1	1216	640	16	32	612
0	1	1232	624	16	16	612
0	1	1200	656	16	16	612
0	1	1232	544	16	32	612
0	1	1216	560	16	16	612
0	1	1168	592	16	16	612
0	1	1152	560	16	16	612
0	1	1088	560	32	16	612
0	1	1120	576	16	16	612
0	1	1104	608	16	16	612
0	1	1152	640	16	16	612
0	1	1120	544	16	16	619
0	1	1024	640	16	32	612
0	1	1056	640	16	32	612
0	1	1088	512	128	16	612
0	1	1136	496	16	16	612
0	1	1088	448	48	64	612
0	1	1152	448	64	48	612
0	1	1256	440	16	8	79
0	1	1256	464	16	8	81
0	1	1304	440	16	8	78
0	1	1304	464	16	8	80
0	1	1304	448	16	16	82
0	1	1256	448	16	16	83
0	1	1272	448	32	16	540
0	1	1280	440	16	8	70
0	1	1280	464	16	8	70
0	1	616	320	16	8	79
0	1	616	344	16	8	81
0	1	664	320	16	8	78
0	1	664	344	16	8	80
0	1	664	328	16	16	82
0	1	616	328	16	16	83
0	1	632	328	32	16	540
0	1	640	320	16	8	70
0	1	640	344	16	8	70
0	1	1896	440	16	8	79
0	1	1896	464	16	8	81
0	1	1944	440	16	8	78
0	1	1944	464	16	8	80
0	1	1944	448	16	16	82
0	1	1896	448	16	16	83
0	1	1912	448	32	16	540
0	1	1920	440	16	8	70
0	1	1920	464	16	8	70
0	1	1712	632	16	48	619
0	1	1320	672	8	8	16
0	1	1560	336	8	8	254
0	1	1648	336	8	8	253
0	1	1648	256	8	80	248
0	1	1560	256	8	80	250
0	1	1568	336	80	8	247
0	1	1592	240	8	16	72
0	1	1616	240	8	16	73
0	1	1600	240	16	16	189
0	1	1320	432	8	48	237
0	1	1320	424	8	8	69
0	1	1320	480	8	8	69
0	1	1328	432	560	48	540
0	1	1328	424	560	8	70
0	1	1328	480	560	8	70
0	1	1888	480	8	8	69
0	1	1888	424	8	8	69
0	1	1888	632	8	48	238
0	1	1888	672	8	8	17
0	1	1616	728	8	16	73
0	1	1592	728	8	16	72
0	1	1592	680	8	16	74
0	1	1616	680	8	16	75
0	1	1600	680	16	16	77
0	1	1600	728	16	16	76
0	1	1600	696	16	32	540
0	1	1616	704	8	16	71
0	1	1592	704	8	16	71
0	1	1776	728	8	16	73
0	1	1752	728	8	16	72
0	1	1752	680	8	16	74
0	1	1776	680	8	16	75
0	1	1760	680	16	16	77
0	1	1760	728	16	16	76
0	1	1760	696	16	32	540
0	1	1776	704	8	16	71
0	1	1752	704	8	16	71
0	1	1592	624	32	8	299
0	1	1600	600	16	24	302
0	1	1616	600	8	24	301
0	1	1592	600	8	24	300
0	1	1560	552	8	8	251
0	1	1576	536	8	8	251
0	1	1632	536	8	8	252
0	1	1648	552	8	8	252
0	1	1632	544	8	8	248
0	1	1648	560	8	48	248
0	1	1576	544	8	8	250
0	1	1560	560	8	48	250
0	1	1568	552	8	8	249
0	1	1640	552	8	8	249
0	1	1584	536	48	8	249
0	1	1576	552	8	8	245
0	1	1632	552	8	8	246
0	1	1736	744	8	8	69
0	1	1792	744	8	8	69
0	1	1736	752	8	176	71
0	1	1792	752	8	176	71
0	1	1744	1000	48	8	179
0	1	1776	984	8	16	73
0	1	1752	984	8	16	72
0	1	1752	936	8	16	74
0	1	1776	936	8	16	75
0	1	1760	936	16	16	77
0	1	1760	984	16	16	76
0	1	1760	952	16	32	540
0	1	1776	960	8	16	71
0	1	1752	960	8	16	71
0	1	1736	928	8	8	69
0	1	1792	928	8	8	69
0	1	1744	752	48	176	540
0	1	1576	744	64	48	540
0	1	1576	744	64	8	179
0	1	1592	792	32	8	287
0	1	1552	720	16	32	341
0	1	1648	720	16	32	341
0	1	2096	984	8	16	73
0	1	2072	984	8	16	72
0	1	2072	936	8	16	74
0	1	2096	936	8	16	75
0	1	2080	936	16	16	77
0	1	2080	984	16	16	76
0	1	2080	952	16	32	540
0	1	2096	960	8	16	71
0	1	2072	960	8	16	71
0	1	1960	424	8	8	69
0	1	1960	480	8	8	69
0	1	2056	672	8	8	69
0	1	2112	672	8	8	69
0	1	1968	480	88	8	70
0	1	2056	488	8	184	71
0	1	1968	424	144	8	70
0	1	2112	432	8	240	71
0	1	2056	480	8	8	69
0	1	2112	424	8	8	69
0	1	1968	432	144	48	540
0	1	2064	480	48	192	540
0	1	1944	320	16	32	340
0	1	1944	568	16	32	340
0	1	2216	568	16	32	338
0	1	2216	320	16	32	338
0	1	2216	440	16	32	338
0	1	2080	216	32	16	337
0	1	2096	728	8	16	73
0	1	2072	728	8	16	72
0	1	2072	680	8	16	74
0	1	2096	680	8	16	75
0	1	2080	680	16	16	77
0	1	2080	728	16	16	76
0	1	2080	696	16	32	540
0	1	2096	704	8	16	71
0	1	2072	704	8	16	71
0	1	1960	744	8	8	14
0	1	2208	744	8	8	15
0	1	1960	888	8	48	237
0	1	2208	888	8	48	238
0	1	2208	928	8	8	17
0	1	1960	928	8	8	16
0	1	1968	824	16	8	78
0	1	1968	848	16	8	80
0	1	1872	824	16	8	79
0	1	1872	848	16	8	81
0	1	1968	832	16	16	82
0	1	1872	832	16	16	83
0	1	2128	792	88	96	610
0	1	2072	792	32	8	287
0	1	1960	1000	16	16	2
0	1	2200	1000	16	16	2
0	1	2016	1056	32	96	619
0	1	2080	1032	104	8	70
0	1	2080	1088	112	64	612
0	1	2096	1240	8	16	73
0	1	2072	1240	8	16	72
0	1	2072	1192	8	16	74
0	1	2096	1192	8	16	75
0	1	2080	1192	16	16	77
0	1	2080	1240	16	16	76
0	1	2080	1208	16	32	540
0	1	2096	1216	8	16	71
0	1	2072	1216	8	16	71
0	1	2072	1032	8	8	69
0	1	2184	1032	8	8	69
0	1	1896	1080	16	8	79
0	1	1896	1104	16	8	81
0	1	1944	1080	16	8	78
0	1	1944	1104	16	8	80
0	1	1944	1088	16	16	82
0	1	1896	1088	16	16	83
0	1	1912	1088	32	16	540
0	1	1920	1080	16	8	70
0	1	1920	1104	16	8	70
0	1	1576	1080	16	8	79
0	1	1576	1104	16	8	81
0	1	1624	1080	16	8	78
0	1	1624	1104	16	8	80
0	1	1624	1088	16	16	82
0	1	1576	1088	16	16	83
0	1	1592	1088	32	16	540
0	1	1600	1080	16	8	70
0	1	1600	1104	16	8	70
0	1	1792	1000	8	8	15
0	1	1736	1000	8	8	14
0	1	1760	1040	16	16	619
0	1	1736	1064	8	8	239
0	1	1792	1064	8	8	240
0	1	1816	1040	80	24	49
0	1	1800	976	24	24	46
0	1	1712	976	24	24	45
0	1	1800	1000	24	48	50
0	1	1712	1000	24	48	51
0	1	1712	1040	24	24	56
0	1	1800	1040	24	24	55
0	1	1648	1072	240	112	540
0	1	1696	1120	16	16	277
0	1	1824	1120	16	16	277
0	1	1664	1040	32	24	345
0	1	1840	1040	32	24	345
0	1	1424	1064	48	48	619
0	1	1344	1064	80	32	619
0	1	1472	1080	80	32	619
0	1	1344	1048	32	16	619
0	1	1520	1112	32	16	619
0	1	1424	1112	32	48	619
0	1	1440	1016	32	48	619
0	1	1472	1016	16	32	619
0	1	1408	1128	16	32	619
0	1	1408	1096	16	16	2
0	1	1424	1048	16	16	2
0	1	1472	1064	16	16	2
0	1	1456	1112	16	16	2
0	1	1328	1008	16	32	2
0	1	1344	1008	16	16	2
0	1	1328	1168	16	16	2
0	1	1536	1168	32	16	2
0	1	1552	1152	16	16	2
0	1	1552	1008	16	16	2
0	1	1456	1240	8	16	73
0	1	1432	1240	8	16	72
0	1	1432	1192	8	16	74
0	1	1456	1192	8	16	75
0	1	1440	1192	16	16	77
0	1	1440	1240	16	16	76
0	1	1440	1208	16	32	540
0	1	1456	1216	8	16	71
0	1	1432	1216	8	16	71
0	1	1104	944	48	48	612
0	1	1096	904	8	128	237
0	1	1152	904	8	128	238
0	1	1152	1032	96	8	179
0	1	1152	1032	8	8	240
0	1	1096	1032	8	8	239
0	1	1096	896	8	8	242
0	1	1152	896	8	8	241
0	1	1160	920	24	96	50
0	1	1176	904	80	24	52
0	1	1176	1008	80	24	49
0	1	1072	920	24	96	51
0	1	1160	904	24	24	53
0	1	1160	1008	24	24	55
0	1	1072	1008	24	24	56
0	1	1072	904	24	24	54
0	1	1136	1240	8	16	73
0	1	1112	1240	8	16	72
0	1	1112	1192	8	16	74
0	1	1136	1192	8	16	75
0	1	1120	1192	16	16	77
0	1	1120	1240	16	16	76
0	1	1120	1208	16	32	540
0	1	1136	1216	8	16	71
0	1	1112	1216	8	16	71
0	1	720	976	32	24	345
0	1	864	976	32	24	345
0	1	1120	1040	16	16	619
0	1	1008	752	240	144	540
0	1	1008	752	16	16	2
0	1	1232	752	16	16	2
0	1	1008	880	16	16	276
0	1	1232	880	16	16	276
0	1	1120	880	16	16	619
0	1	1024	808	16	16	619
0	1	1040	824	16	16	619
0	1	1216	808	16	16	619
0	1	1200	824	16	16	619
0	1	1072	792	112	64	3
0	1	1088	808	16	16	276
0	1	936	1080	16	8	79
0	1	936	1104	16	8	81
0	1	984	1080	16	8	78
0	1	984	1104	16	8	80
0	1	984	1088	16	16	82
0	1	936	1088	16	16	83
0	1	952	1088	32	16	540
0	1	960	1080	16	8	70
0	1	960	1104	16	8	70
0	1	704	1184	16	32	342
0	1	768	1184	16	32	342
0	1	832	1184	16	32	342
0	1	896	1184	16	32	342
0	1	720	1120	32	32	323
0	1	720	1040	32	32	323
0	1	864	1120	32	32	323
0	1	864	1040	32	32	323
0	1	800	1072	16	16	276
0	1	784	1088	16	16	276
0	1	800	1104	16	16	276
0	1	816	1088	16	16	276
0	1	1024	1016	32	16	337
0	1	1200	1016	32	16	337
0	1	816	984	8	16	73
0	1	792	984	8	16	72
0	1	792	936	8	16	74
0	1	816	936	8	16	75
0	1	800	936	16	16	77
0	1	800	984	16	16	76
0	1	800	952	16	32	540
0	1	816	960	8	16	71
0	1	792	960	8	16	71
0	1	784	888	48	48	540
0	1	736	792	144	96	540
0	1	728	888	8	8	254
0	1	728	784	8	8	251
0	1	880	784	8	8	252
0	1	880	888	8	8	253
0	1	880	792	8	96	248
0	1	736	784	144	8	249
0	1	776	888	8	8	244
0	1	832	888	8	8	243
0	1	728	792	8	96	250
0	1	736	888	40	8	247
0	1	840	888	40	8	247
0	1	776	896	8	48	250
0	1	832	896	8	40	248
0	1	784	928	48	8	236
0	1	792	728	32	16	337
0	1	936	824	16	32	338
0	1	664	824	16	32	340
0	1	760	928	16	32	342
0	1	840	928	16	32	342
0	1	976	1232	24	24	45
0	1	976	1448	24	24	47
0	1	1256	1232	24	24	46
0	1	1256	1448	24	24	48
0	1	976	1256	24	192	51
0	1	1256	1256	24	192	50
0	1	1000	1256	8	8	14
0	1	1248	1256	8	8	15
0	1	1248	1440	8	8	17
0	1	1000	1440	8	8	16
0	1	1000	1264	8	176	237
0	1	1248	1264	8	176	238
0	1	1008	1256	240	8	179
0	1	1008	1440	240	8	236
0	1	1000	1448	256	24	52
0	1	976	1488	24	24	45
0	1	976	1704	24	24	47
0	1	1256	1488	24	24	46
0	1	1256	1704	24	24	48
0	1	976	1512	24	192	51
0	1	1000	1488	256	24	49
0	1	1256	1512	24	192	50
0	1	1248	1512	8	8	15
0	1	1248	1696	8	8	17
0	1	1248	1520	8	176	238
0	1	1000	1704	256	24	52
0	1	656	1232	24	24	45
0	1	656	1448	24	24	47
0	1	936	1232	24	24	46
0	1	936	1448	24	24	48
0	1	656	1256	24	192	51
0	1	680	1232	256	24	49
0	1	936	1256	24	192	50
0	1	680	1256	8	8	14
0	1	928	1256	8	8	15
0	1	928	1440	8	8	17
0	1	680	1440	8	8	16
0	1	680	1264	8	176	237
0	1	928	1264	8	176	238
0	1	688	1256	240	8	179
0	1	688	1440	240	8	236
0	1	680	1448	256	24	52
0	1	656	1488	24	24	45
0	1	656	1704	24	24	47
0	1	936	1488	24	24	46
0	1	936	1704	24	24	48
0	1	656	1512	24	192	51
0	1	680	1488	256	24	49
0	1	936	1512	24	192	50
0	1	680	1512	8	8	14
0	1	928	1512	8	8	15
0	1	928	1696	8	8	17
0	1	680	1696	8	8	16
0	1	680	1520	8	176	237
0	1	928	1520	8	176	238
0	1	688	1512	240	8	179
0	1	688	1696	240	8	236
0	1	680	1704	256	24	52
0	1	1616	1744	24	24	45
0	1	1616	1960	24	24	47
0	1	1896	1744	24	24	46
0	1	1896	1960	24	24	48
0	1	1616	1768	24	192	51
0	1	1640	1744	256	24	49
0	1	1896	1768	24	192	50
0	1	1640	1768	8	8	14
0	1	1888	1768	8	8	15
0	1	1888	1952	8	8	17
0	1	1640	1952	8	8	16
0	1	1640	1776	8	176	237
0	1	1888	1776	8	176	238
0	1	1648	1768	240	8	179
0	1	1648	1952	240	8	236
0	1	1640	1960	256	24	52
0	1	1616	2000	24	24	45
0	1	1616	2216	24	24	47
0	1	1896	2000	24	24	46
0	1	1896	2216	24	24	48
0	1	1616	2024	24	192	51
0	1	1640	2000	256	24	49
0	1	1896	2024	24	192	50
0	1	1640	2024	8	8	14
0	1	1888	2024	8	8	15
0	1	1888	2208	8	8	17
0	1	1640	2208	8	8	16
0	1	1640	2032	8	176	237
0	1	1888	2032	8	176	238
0	1	1648	2024	240	8	179
0	1	1648	2208	240	8	236
0	1	1640	2216	256	24	52
0	1	656	1744	24	24	45
0	1	656	1960	24	24	47
0	1	936	1744	24	24	46
0	1	936	1960	24	24	48
0	1	656	1768	24	192	51
0	1	680	1744	256	24	49
0	1	936	1768	24	192	50
0	1	680	1768	8	8	14
0	1	928	1768	8	8	15
0	1	928	1952	8	8	17
0	1	680	1952	8	8	16
0	1	680	1776	8	176	237
0	1	928	1776	8	176	238
0	1	688	1768	240	8	179
0	1	688	1952	240	8	236
0	1	680	1960	256	24	52
0	1	656	2000	24	24	45
0	1	656	2216	24	24	47
0	1	936	2000	24	24	46
0	1	936	2216	24	24	48
0	1	656	2024	24	192	51
0	1	680	2000	256	24	49
0	1	936	2024	24	192	50
0	1	680	2024	8	8	14
0	1	928	2024	8	8	15
0	1	928	2208	8	8	17
0	1	680	2208	8	8	16
0	1	680	2032	8	176	237
0	1	928	2032	8	176	238
0	1	688	2024	240	8	179
0	1	688	2208	240	8	236
0	1	680	2216	256	24	52
0	1	1896	1232	24	24	46
0	1	1896	1256	24	448	50
0	1	1888	1328	8	48	238
0	1	1424	1256	48	8	179
0	1	1896	1704	24	24	48
0	1	1888	1584	8	48	238
0	1	1744	1696	48	8	236
0	1	1296	1232	24	24	45
0	1	1296	1256	24	448	51
0	1	1320	1328	8	48	237
0	1	1296	1704	24	24	47
0	1	1320	1704	576	24	52
0	1	1936	1232	24	24	45
0	1	2216	1232	24	24	46
0	1	1936	1256	24	448	51
0	1	2216	1256	24	448	50
0	1	1960	1256	8	8	14
0	1	2208	1256	8	8	15
0	1	1960	1264	8	160	237
0	1	2208	1264	8	160	238
0	1	1968	1256	240	8	179
0	1	1936	1704	24	24	47
0	1	2216	1704	24	24	48
0	1	2208	1696	8	8	17
0	1	1960	1696	8	8	16
0	1	1968	1696	240	8	236
0	1	1960	1704	256	24	52
0	1	2280	1232	256	24	49
0	1	2256	1232	24	24	45
0	1	2536	1232	24	24	46
0	1	2256	1256	24	448	51
0	1	2536	1256	24	448	50
0	1	2280	1256	8	8	14
0	1	2528	1256	8	8	15
0	1	2280	1264	8	96	237
0	1	2528	1264	8	48	238
0	1	2288	1256	240	8	179
0	1	2256	1704	24	24	47
0	1	2536	1704	24	24	48
0	1	2280	1696	8	8	16
0	1	2288	1696	192	8	236
0	1	2280	1704	256	24	52
0	1	1000	1744	256	24	49
0	1	976	1744	24	24	45
0	1	1256	1744	24	24	46
0	1	976	1768	24	448	51
0	1	1256	1768	24	448	50
0	1	1000	1768	8	8	14
0	1	1248	1768	8	8	15
0	1	1000	1776	8	432	237
0	1	1248	1776	8	432	238
0	1	1008	1768	240	8	179
0	1	976	2216	24	24	47
0	1	1256	2216	24	24	48
0	1	1248	2208	8	8	17
0	1	1000	2208	8	8	16
0	1	1008	2208	240	8	236
0	1	1000	2216	256	24	52
0	1	816	2008	8	16	73
0	1	792	2008	8	16	72
0	1	792	1960	8	16	74
0	1	816	1960	8	16	75
0	1	800	1960	16	16	77
0	1	800	2008	16	16	76
0	1	800	1976	16	32	540
0	1	816	1984	8	16	71
0	1	792	1984	8	16	71
0	1	1256	1336	16	8	79
0	1	1256	1360	16	8	81
0	1	1304	1336	16	8	78
0	1	1304	1360	16	8	80
0	1	1304	1344	16	16	82
0	1	1256	1344	16	16	83
0	1	1272	1344	32	16	540
0	1	1280	1336	16	8	70
0	1	1280	1360	16	8	70
0	1	936	1336	16	8	79
0	1	936	1360	16	8	81
0	1	984	1336	16	8	78
0	1	984	1360	16	8	80
0	1	984	1344	16	16	82
0	1	936	1344	16	16	83
0	1	952	1344	32	16	540
0	1	960	1336	16	8	70
0	1	960	1360	16	8	70
0	1	936	1848	16	8	79
0	1	936	1872	16	8	81
0	1	984	1848	16	8	78
0	1	984	1872	16	8	80
0	1	984	1856	16	16	82
0	1	936	1856	16	16	83
0	1	952	1856	32	16	540
0	1	960	1848	16	8	70
0	1	960	1872	16	8	70
0	1	1896	1336	16	8	79
0	1	1896	1360	16	8	81
0	1	1944	1336	16	8	78
0	1	1944	1360	16	8	80
0	1	1944	1344	16	16	82
0	1	1896	1344	16	16	83
0	1	1912	1344	32	16	540
0	1	1920	1336	16	8	70
0	1	1920	1360	16	8	70
0	1	1896	1592	16	8	79
0	1	1896	1616	16	8	81
0	1	1944	1592	16	8	78
0	1	1944	1616	16	8	80
0	1	1944	1600	16	16	82
0	1	1896	1600	16	16	83
0	1	1912	1600	32	16	540
0	1	1920	1592	16	8	70
0	1	1920	1616	16	8	70
0	1	2216	1320	16	8	79
0	1	2216	1344	16	8	81
0	1	2264	1320	16	8	78
0	1	2264	1344	16	8	80
0	1	2264	1328	16	16	82
0	1	2216	1328	16	16	83
0	1	2232	1328	32	16	540
0	1	2240	1320	16	8	70
0	1	2240	1344	16	8	70
0	1	2216	1592	16	8	79
0	1	2216	1616	16	8	81
0	1	2264	1592	16	8	78
0	1	2264	1616	16	8	80
0	1	2264	1600	16	16	82
0	1	2216	1600	16	16	83
0	1	2232	1600	32	16	540
0	1	2240	1592	16	8	70
0	1	2240	1616	16	8	70
0	1	1776	1752	8	16	73
0	1	1752	1752	8	16	72
0	1	1752	1704	8	16	74
0	1	1776	1704	8	16	75
0	1	1760	1704	16	16	77
0	1	1760	1752	16	16	76
0	1	1760	1720	16	32	540
0	1	1776	1728	8	16	71
0	1	1752	1728	8	16	71
0	1	1776	2008	8	16	73
0	1	1752	2008	8	16	72
0	1	1752	1960	8	16	74
0	1	1776	1960	8	16	75
0	1	1760	1960	16	16	77
0	1	1760	2008	16	16	76
0	1	1760	1976	16	32	540
0	1	1776	1984	8	16	71
0	1	1752	1984	8	16	71
0	1	1200	1752	8	16	73
0	1	1176	1752	8	16	72
0	1	1176	1704	8	16	74
0	1	1200	1704	8	16	75
0	1	1184	1704	16	16	77
0	1	1184	1752	16	16	76
0	1	1184	1720	16	32	540
0	1	1200	1728	8	16	71
0	1	1176	1728	8	16	71
0	1	896	1752	8	16	73
0	1	872	1752	8	16	72
0	1	872	1704	8	16	74
0	1	896	1704	8	16	75
0	1	880	1704	16	16	77
0	1	880	1752	16	16	76
0	1	880	1720	16	32	540
0	1	896	1728	8	16	71
0	1	872	1728	8	16	71
0	1	688	1376	240	32	612
0	1	688	1296	240	32	612
0	1	784	1328	48	48	612
0	1	752	1264	32	32	612
0	1	832	1264	32	32	612
0	1	880	1344	16	16	619
0	1	880	1264	16	16	619
0	1	800	1280	16	16	619
0	1	720	1264	16	16	619
0	1	704	1360	16	16	619
0	1	752	1344	16	16	619
0	1	728	1424	16	16	619
0	1	864	1424	16	16	619
0	1	816	1496	8	16	73
0	1	792	1496	8	16	72
0	1	792	1448	8	16	74
0	1	816	1448	8	16	75
0	1	800	1448	16	16	77
0	1	800	1496	16	16	76
0	1	800	1464	16	32	540
0	1	816	1472	8	16	71
0	1	792	1472	8	16	71
0	1	1000	1304	8	8	69
0	1	1000	1384	8	8	69
0	1	1064	1256	8	8	69
0	1	1184	1256	8	8	69
0	1	1064	1440	8	8	69
0	1	1184	1440	8	8	69
0	1	1248	1304	8	8	69
0	1	1248	1384	8	8	69
0	1	1008	1304	240	8	70
0	1	1008	1384	240	8	70
0	1	1064	1264	8	176	71
0	1	1184	1264	8	176	71
0	1	1064	1304	8	8	69
0	1	1184	1304	8	8	69
0	1	1184	1384	8	8	69
0	1	1064	1384	8	8	69
0	1	1128	1512	8	8	69
0	1	1128	1544	8	8	69
0	1	1128	1568	8	8	69
0	1	1128	1584	8	8	69
0	1	1128	1624	8	8	69
0	1	1128	1640	8	8	69
0	1	1128	1664	8	8	69
0	1	1128	1696	8	8	69
0	1	1120	1592	8	32	291
0	1	1128	1520	8	24	71
0	1	1128	1576	8	8	71
0	1	1128	1632	8	8	71
0	1	1128	1672	8	24	71
0	1	1024	1536	16	16	276
0	1	1088	1536	16	16	2
0	1	1088	1664	16	16	2
0	1	1152	1536	32	32	323
0	1	1200	1536	32	32	323
0	1	1152	1648	32	32	323
0	1	1200	1648	32	32	323
0	1	800	1552	16	16	2
0	1	800	1648	16	16	2
0	1	848	1600	16	16	2
0	1	752	1600	16	16	2
0	1	680	1512	16	16	276
0	1	920	1512	16	16	276
0	1	920	1688	16	16	276
0	1	680	1688	16	16	276
0	1	896	1960	32	24	405
0	1	704	1744	32	24	345
0	1	856	1768	8	8	69
0	1	856	1952	8	8	69
0	1	856	1776	8	176	71
0	1	912	1776	16	16	2
0	1	696	2008	8	16	72
0	1	720	2008	8	16	73
0	1	704	2008	16	16	190
0	1	752	2144	16	16	276
0	1	848	2144	16	16	276
0	1	1008	1776	16	160	540
0	1	1024	1776	224	16	540
0	1	1232	1792	16	144	540
0	1	1024	1792	8	8	243
0	1	1224	1792	8	8	244
0	1	1224	1928	8	8	245
0	1	1024	1928	8	8	246
0	1	1224	1800	8	128	250
0	1	1048	1904	8	8	254
0	1	1048	1816	8	8	251
0	1	1200	1816	8	8	252
0	1	1200	1904	8	8	253
0	1	1056	1816	144	8	249
0	1	1032	1928	192	8	249
0	1	1056	1904	144	8	247
0	1	1032	1792	192	8	247
0	1	1048	1824	8	80	250
0	1	1024	1800	8	128	248
0	1	1200	1824	8	80	248
0	1	1056	1824	16	16	276
0	1	1184	1824	16	16	276
0	1	1184	1888	16	16	276
0	1	1056	1888	16	16	276
0	1	1120	1856	16	16	2
0	1	1008	2176	32	32	2
0	1	1216	2176	32	32	2
0	1	1216	2016	32	32	2
0	1	1008	2016	32	32	2
0	1	1040	2168	8	8	240
0	1	1208	2168	8	8	239
0	1	1040	2048	8	8	241
0	1	1208	2048	8	8	242
0	1	1048	2168	160	8	179
0	1	1048	2048	160	8	236
0	1	1040	2056	8	112	238
0	1	1208	2056	8	112	237
0	1	1064	2056	128	24	52
0	1	1048	2072	24	80	50
0	1	1064	2144	128	24	49
0	1	1184	2072	24	80	51
0	1	1184	2056	24	24	54
0	1	1048	2056	24	24	53
0	1	1048	2144	24	24	55
0	1	1184	2144	24	24	56
0	1	1112	2152	8	16	72
0	1	1136	2152	8	16	73
0	1	1120	2152	16	16	190
0	1	1192	2096	16	32	340
0	1	1048	2096	16	32	338
0	1	1728	2208	24	24	330
0	1	1784	2208	24	24	331
0	1	1776	2216	8	16	335
0	1	1752	2216	8	16	334
0	1	1760	2216	16	16	336
0	1	1752	2192	32	24	329
0	1	1736	2176	8	32	400
0	1	1744	2176	56	8	400
0	1	1792	2184	8	24	400
0	1	1720	2128	32	32	323
0	1	1688	2160	32	32	323
0	1	1784	2128	32	32	323
0	1	1816	2160	32	32	323
0	1	1648	2032	16	16	2
0	1	1648	2192	16	16	2
0	1	1872	2192	16	16	2
0	1	1872	2032	16	16	2
0	1	1688	2064	16	16	277
0	1	1832	2064	16	16	277
0	1	1640	1768	16	16	276
0	1	1880	1768	16	16	276
0	1	1880	1944	16	16	276
0	1	1640	1944	16	16	276
0	1	1712	1816	112	8	70
0	1	1712	1904	112	8	70
0	1	1680	1848	8	40	71
0	1	1848	1848	8	32	71
0	1	1680	1840	8	8	69
0	1	1680	1888	8	8	69
0	1	1704	1904	8	8	69
0	1	1704	1816	8	8	69
0	1	1824	1816	8	8	69
0	1	1848	1840	8	8	69
0	1	1848	1880	8	8	69
0	1	1824	1904	8	8	69
0	1	1688	1744	32	24	345
0	1	1824	1744	32	24	345
0	1	2288	1264	240	48	540
0	1	2288	1312	32	48	540
0	1	2400	1312	48	32	540
0	1	2320	1312	8	8	243
0	1	2448	1312	8	8	243
0	1	2392	1312	8	8	244
0	1	2320	1360	8	8	253
0	1	2448	1344	8	8	253
0	1	2392	1344	8	8	254
0	1	2392	1320	8	24	250
0	1	2448	1320	8	24	248
0	1	2320	1320	8	40	248
0	1	2328	1312	64	8	247
0	1	2456	1312	80	8	247
0	1	2400	1344	8	8	247
0	1	2280	1360	40	8	247
0	1	2280	1584	8	112	237
0	1	2288	1584	48	112	540
0	1	2464	1584	16	112	540
0	1	2336	1648	128	48	540
0	1	2384	1584	80	16	540
0	1	2384	1520	16	64	540
0	1	2400	1520	96	16	540
0	1	2480	1456	16	64	540
0	1	2336	1456	144	16	540
0	1	2336	1392	16	64	540
0	1	2352	1392	80	16	540
0	1	2416	1344	16	48	540
0	1	2328	1384	8	8	251
0	1	2376	1512	8	8	251
0	1	2328	1472	8	8	254
0	1	2376	1600	8	8	254
0	1	2480	1576	8	8	252
0	1	2336	1576	8	8	252
0	1	2496	1448	8	8	252
0	1	2432	1408	8	8	253
0	1	2496	1536	8	8	253
0	1	2456	1640	8	8	245
0	1	2472	1512	8	8	245
0	1	2408	1384	8	8	245
0	1	2336	1640	8	8	246
0	1	2400	1576	8	8	246
0	1	2352	1448	8	8	246
0	1	2376	1520	8	80	250
0	1	2456	1608	8	32	250
0	1	2472	1480	8	32	250
0	1	2328	1392	8	80	250
0	1	2408	1352	8	32	250
0	1	2456	1600	8	8	244
0	1	2472	1472	8	8	244
0	1	2400	1536	8	8	243
0	1	2432	1344	8	8	243
0	1	2352	1408	8	8	243
0	1	2408	1344	8	8	244
0	1	2336	1384	72	8	249
0	1	2360	1448	136	8	249
0	1	2408	1576	72	8	249
0	1	2384	1512	88	8	249
0	1	2344	1640	112	8	249
0	1	2280	1576	56	8	249
0	1	2480	1584	8	120	248
0	1	2496	1456	8	80	248
0	1	2432	1352	8	56	248
0	1	2352	1416	8	32	248
0	1	2400	1544	8	32	248
0	1	2336	1584	8	56	248
0	1	2360	1408	72	8	247
0	1	2336	1472	136	8	247
0	1	2408	1536	88	8	247
0	1	2440	1344	8	8	247
0	1	2384	1600	72	8	247
0	1	2536	1544	16	32	338
0	1	2536	1376	16	32	338
0	1	2264	1376	16	32	340
0	1	2264	1544	16	32	340
0	1	2392	1704	32	16	339
0	1	2392	1240	32	16	337
0	1	1968	1552	240	16	612
0	1	2080	1568	16	128	612
0	1	2048	1568	16	128	612
0	1	2016	1568	16	64	612
0	1	2112	1568	16	128	612
0	1	2144	1568	16	64	612
0	1	2032	1696	16	32	342
0	1	2128	1696	16	32	342
0	1	2000	1632	32	32	323
0	1	2144	1632	32	32	323
0	1	2016	1664	16	32	612
0	1	2144	1664	16	32	612
0	1	2208	1520	8	176	238
0	1	1960	1520	8	176	237
0	1	2072	1512	32	8	299
0	1	2008	1416	8	8	69
0	1	2008	1264	8	152	71
0	1	2016	1416	192	8	70
0	1	2008	1256	8	8	69
0	1	2208	1416	8	8	69
0	1	2096	1328	48	48	532
0	1	2112	1344	16	16	540
0	1	2096	1328	16	16	619
0	1	2128	1328	16	16	619
0	1	2128	1360	16	16	619
0	1	2096	1360	16	16	619
0	1	1960	1256	16	16	276
0	1	2200	1256	16	16	276
0	1	1960	1688	16	16	276
0	1	2200	1688	16	16	276
0	1	1424	1264	48	32	540
0	1	1744	1264	48	32	540
0	1	1856	1328	32	48	540
0	1	1856	1584	32	48	540
0	1	1744	1664	48	32	540
0	1	1328	1328	32	48	540
0	1	1568	1328	80	48	540
0	1	1416	1296	8	8	254
0	1	1360	1376	8	8	253
0	1	1472	1296	8	8	253
0	1	1360	1320	8	8	252
0	1	1360	1328	8	48	248
0	1	1472	1256	8	40	248
0	1	1320	1376	40	8	247
0	1	1424	1296	48	8	247
0	1	1416	1256	8	40	250
0	1	1320	1320	40	8	249
0	1	1744	1256	48	8	179
0	1	1736	1296	8	8	254
0	1	1848	1376	8	8	254
0	1	1848	1320	8	8	251
0	1	1792	1296	8	8	253
0	1	1792	1256	8	40	248
0	1	1856	1320	40	8	249
0	1	1736	1256	8	40	250
0	1	1848	1328	8	48	250
0	1	1856	1376	40	8	247
0	1	1744	1296	48	8	247
0	1	1848	1632	8	8	254
0	1	1736	1656	8	8	251
0	1	1848	1576	8	8	251
0	1	1792	1656	8	8	252
0	1	1744	1656	48	8	249
0	1	1856	1576	40	8	249
0	1	1792	1664	8	40	248
0	1	1736	1664	8	40	250
0	1	1848	1584	8	48	250
0	1	1856	1632	40	8	247
0	1	1424	1696	48	8	236
0	1	1424	1664	48	32	540
0	1	1416	1656	8	8	251
0	1	1472	1656	8	8	252
0	1	1424	1656	48	8	249
0	1	1472	1664	8	40	248
0	1	1416	1664	8	40	250
0	1	1320	1584	8	48	237
0	1	1328	1584	32	48	540
0	1	1360	1632	8	8	253
0	1	1360	1576	8	8	252
0	1	1360	1584	8	48	248
0	1	1320	1632	40	8	247
0	1	1320	1576	40	8	249
0	1	1696	1232	16	32	341
0	1	1832	1232	16	32	341
0	1	1368	1696	16	32	342
0	1	1512	1696	16	32	342
0	1	1344	1296	16	32	3
0	1	1360	1296	48	16	3
0	1	1392	1312	16	96	3
0	1	1408	1392	48	16	3
0	1	1440	1296	16	96	3
0	1	1344	1376	16	80	3
0	1	1360	1440	32	16	3
0	1	1376	1456	16	32	3
0	1	1344	1472	32	16	3
0	1	1344	1488	16	32	3
0	1	1360	1504	32	16	3
0	1	1376	1520	16	32	3
0	1	1392	1536	16	48	3
0	1	1376	1568	16	48	3
0	1	1392	1600	16	48	3
0	1	1344	1632	16	16	3
0	1	1344	1648	64	16	3
0	1	1424	1520	16	144	3
0	1	1424	1440	48	80	540
0	1	1472	1472	48	16	3
0	1	1504	1392	16	80	3
0	1	1520	1392	48	16	3
0	1	1552	1360	16	32	3
0	1	1472	1280	48	16	3
0	1	1504	1296	16	32	3
0	1	1520	1312	48	16	3
0	1	1552	1296	16	16	3
0	1	1744	1600	16	64	3
0	1	1696	1600	48	16	3
0	1	1648	1584	64	16	3
0	1	1472	1680	64	16	3
0	1	1520	1632	16	48	3
0	1	1488	1632	32	16	3
0	1	1488	1584	16	48	3
0	1	1504	1584	64	16	3
0	1	1568	1584	80	48	540
0	1	1552	1280	112	16	3
0	1	1648	1296	80	16	3
0	1	1712	1280	32	16	3
0	1	1792	1280	80	16	3
0	1	1856	1296	16	32	3
0	1	1808	1344	48	16	3
0	1	1744	1360	80	16	3
0	1	1744	1376	16	64	3
0	1	1648	1360	32	16	3
0	1	1664	1344	48	16	3
0	1	1696	1360	16	64	3
0	1	1616	1408	80	16	3
0	1	1616	1424	16	16	3
0	1	1568	1440	80	80	540
0	1	1648	1504	48	16	3
0	1	1680	1520	16	32	3
0	1	1696	1536	32	16	3
0	1	1712	1552	96	16	3
0	1	1792	1568	16	32	3
0	1	1792	1600	64	16	3
0	1	1872	1472	16	112	3
0	1	1840	1472	32	16	3
0	1	1840	1424	16	48	3
0	1	1776	1424	64	16	3
0	1	1744	1440	48	80	540
0	1	1560	1432	8	8	251
0	1	1560	1320	8	8	251
0	1	1736	1432	8	8	251
0	1	1560	1576	8	8	251
0	1	1560	1520	8	8	254
0	1	1560	1632	8	8	254
0	1	1736	1520	8	8	254
0	1	1560	1376	8	8	254
0	1	1648	1632	8	8	253
0	1	1648	1520	8	8	253
0	1	1792	1520	8	8	253
0	1	1648	1376	8	8	253
0	1	1648	1432	8	8	252
0	1	1648	1576	8	8	252
0	1	1792	1432	8	8	252
0	1	1648	1320	8	8	252
0	1	1568	1376	80	8	247
0	1	1568	1520	80	8	247
0	1	1568	1632	80	8	247
0	1	1744	1520	48	8	247
0	1	1568	1432	80	8	249
0	1	1744	1432	48	8	249
0	1	1568	1320	80	8	249
0	1	1568	1576	80	8	249
0	1	1648	1440	8	80	248
0	1	1792	1440	8	80	248
0	1	1648	1328	8	48	248
0	1	1648	1584	8	48	248
0	1	1560	1584	8	48	250
0	1	1736	1440	8	80	250
0	1	1560	1440	8	80	250
0	1	1560	1328	8	48	250
0	1	1416	1432	8	8	251
0	1	1416	1520	8	8	254
0	1	1472	1520	8	8	253
0	1	1472	1432	8	8	252
0	1	1424	1432	48	8	249
0	1	1416	1440	8	80	250
0	1	1424	1520	48	8	247
0	1	1472	1440	8	80	248
0	1	1760	2232	16	32	540
0	1	1752	2240	8	16	71
0	1	1776	2240	8	16	71
0	1	1760	2256	16	8	70
15	1	192	312	16	32	1
15	1	144	312	16	32	1
15	1	352	240	16	32	1
15	1	352	288	16	80	1
15	1	352	384	16	32	0
15	1	160	296	32	16	0
15	1	160	344	32	16	0
15	1	976	304	16	32	1
15	1	976	352	16	32	1
15	1	1120	416	16	16	1
15	1	1072	384	16	32	0
15	1	1088	416	16	16	0
15	1	1136	448	16	48	0
15	1	1152	496	96	16	0
15	1	1104	544	16	16	0
15	1	1136	544	96	16	0
15	1	1088	592	80	16	0
15	1	1152	576	16	16	0
15	1	1152	608	16	16	0
15	1	1152	624	80	16	0
15	1	1216	592	16	32	0
15	1	1184	560	16	48	0
15	1	1104	624	32	32	0
15	1	1120	656	48	16	0
12	1	1592	792	8	8	custom_obstacle	1	1	1	1
12	1	1616	792	8	8	custom_obstacle_2	1	1	1	1
15	1	1760	1024	16	16	0
15	1	1744	1056	16	16	0
15	1	1776	1056	16	16	0
15	1	1104	1072	16	16	0
15	1	1136	1072	16	16	0
15	1	1152	1128	16	16	0
15	1	1088	1128	16	16	0
15	1	752	1136	112	16	1
15	1	752	1040	112	16	1
15	1	880	1072	16	48	1
15	1	720	1072	16	48	1
1	1	1008	1269	destination_point_2	-1	1
15	1	680	2056	64	16	1
15	1	744	2024	16	48	1
15	1	2112	1256	16	48	1
15	1	2048	1256	16	48	1
15	1	2064	1288	48	16	1
1	1	1768	2229	from_outside	1	0
2	1	1760	2240	16	16	teletransporter	0	1	6	from_dungeon_9
0	2	72	0	208	16	170
0	2	72	192	208	16	170
0	2	0	0	16	448	170
0	2	16	0	56	208	170
0	2	160	208	32	8	431
0	2	160	184	32	8	432
0	2	640	208	16	240	170
0	2	1920	208	16	496	170
0	2	1600	976	16	240	170
0	2	1920	976	16	240	170
0	2	1920	720	16	240	170
0	2	2240	208	336	1024	170
0	2	1272	440	8	32	163
0	2	1296	440	8	32	162
0	2	632	320	8	32	163
0	2	656	320	8	32	162
0	2	1912	440	8	32	163
0	2	1936	440	8	32	162
0	2	1592	232	32	8	429
0	2	1600	232	16	8	433
0	2	1592	720	32	8	431
0	2	1592	696	32	8	432
0	2	1752	720	32	8	431
0	2	1752	696	32	8	432
0	2	1752	976	32	8	431
0	2	1752	952	32	8	432
0	2	2072	976	32	8	431
0	2	2072	952	32	8	432
0	2	2072	720	32	8	431
0	2	2072	696	32	8	432
0	2	1960	824	8	32	160
0	2	1888	824	8	32	161
0	2	2072	1232	32	8	431
0	2	2072	1208	32	8	432
0	2	1912	1080	8	32	163
0	2	1936	1080	8	32	162
0	2	1592	1080	8	32	163
0	2	1616	1080	8	32	162
0	2	1616	976	96	64	170
0	2	1824	976	96	64	170
0	2	1696	1104	16	16	278
0	2	1824	1104	16	16	278
0	2	1432	1232	32	8	431
0	2	1432	1208	32	8	432
0	2	976	928	96	80	170
0	2	1184	928	96	80	170
0	2	1112	1232	32	8	431
0	2	1112	1208	32	8	432
0	2	952	1080	8	32	163
0	2	976	1080	8	32	162
0	2	792	976	32	8	431
0	2	792	952	32	8	432
0	2	792	2000	32	8	431
0	2	792	1976	32	8	432
0	2	1272	1336	8	32	163
0	2	1296	1336	8	32	162
0	2	952	1336	8	32	163
0	2	976	1336	8	32	162
0	2	952	1848	8	32	163
0	2	976	1848	8	32	162
0	2	1912	1336	8	32	163
0	2	1936	1336	8	32	162
0	2	1912	1592	8	32	163
0	2	1936	1592	8	32	162
0	2	2232	1320	8	32	163
0	2	2256	1320	8	32	162
0	2	2232	1592	8	32	163
0	2	2256	1592	8	32	162
0	2	1752	1744	32	8	431
0	2	1752	1720	32	8	432
0	2	1752	2000	32	8	431
0	2	1752	1976	32	8	432
0	2	1176	1744	32	8	431
0	2	1176	1720	32	8	432
0	2	872	1744	32	8	431
0	2	872	1720	32	8	432
0	2	792	1488	32	8	431
0	2	792	1464	32	8	432
0	2	696	2000	32	8	429
0	2	704	2000	16	8	435
0	2	1072	2080	112	64	170
0	2	1112	2144	32	8	429
0	2	1120	2144	16	8	435
0	2	1728	2232	24	8	332
0	2	1784	2232	24	8	333
0	2	1752	2232	32	8	155
0	2	1688	2048	16	16	278
0	2	1832	2048	16	16	278
0	2	280	0	2296	208	170
0	2	656	448	320	272	170
0	2	0	448	656	1808	170
0	2	656	960	320	16	170
0	2	960	720	16	1520	170
0	2	656	1984	304	16	170
0	2	656	1728	1920	16	170
0	2	656	1472	624	24	170
0	2	1296	960	944	16	170
0	2	656	1216	1584	16	170
0	2	1280	288	16	1440	170
0	2	976	704	1264	16	170
0	2	1616	1984	304	16	170
0	2	1280	1744	336	496	170
0	2	1920	1744	656	496	170
0	2	656	2240	1920	16	170
0	2	1920	1232	16	496	170
0	2	2240	1232	16	496	170
0	2	2560	1232	16	496	170
0	2	656	208	368	32	170
0	2	1024	208	160	48	170
0	2	1184	208	112	80	170
