1024	1024	3	1	0	0	225	8	same
0	0	40	856	688	64	319
0	0	728	792	112	192	319
0	0	424	320	112	112	319
0	0	200	584	32	32	319
0	0	40	40	464	208	319
0	0	504	136	80	112	319
0	0	536	216	128	256	319
0	0	40	248	320	64	319
0	0	40	312	160	480	319
0	0	200	616	64	32	319
0	0	200	648	784	144	319
0	0	536	536	160	112	319
0	0	728	976	96	8	236
0	0	40	856	8	64	237
0	0	648	40	144	112	319
0	0	304	496	160	80	319
0	0	272	384	80	128	319
0	0	40	16	464	24	49
0	0	16	16	24	24	45
0	0	16	40	24	752	51
0	0	72	40	432	8	179
0	0	40	72	8	720	237
0	0	80	24	8	16	72
0	0	104	24	8	16	73
0	0	432	24	8	16	72
0	0	456	24	8	16	73
0	0	424	288	112	24	49
0	0	432	312	128	8	179
0	0	984	200	24	240	50
0	0	984	192	24	24	46
0	0	728	192	256	24	49
0	0	976	216	8	8	15
0	0	736	216	240	8	179
0	0	480	296	8	16	72
0	0	504	296	8	16	73
0	0	936	200	8	16	72
0	0	960	200	8	16	73
0	0	240	352	24	24	45
0	0	264	352	96	24	49
0	0	272	376	80	8	179
0	0	264	376	8	8	14
0	0	296	360	8	16	72
0	0	320	360	8	16	73
0	0	488	296	16	16	190
0	0	440	24	16	16	190
0	0	944	200	16	16	190
0	0	304	360	16	16	190
0	0	144	24	8	16	72
0	0	168	24	8	16	73
0	0	152	24	16	16	190
0	0	88	24	16	16	189
0	0	392	24	8	16	73
0	0	376	24	16	16	189
0	0	368	24	8	16	72
0	0	504	16	24	24	46
0	0	376	248	160	24	52
0	0	528	264	24	32	51
0	0	352	240	208	8	236
0	0	552	240	8	80	237
0	0	528	288	24	24	56
0	0	528	248	24	24	54
0	0	552	240	8	8	242
0	0	552	312	8	8	239
0	0	400	288	24	24	45
0	0	360	352	24	24	46
0	0	352	376	8	8	15
0	0	400	312	24	112	51
0	0	240	376	24	144	51
0	0	360	376	24	96	50
0	0	400	424	24	24	47
0	0	424	424	96	24	52
0	0	376	464	96	24	49
0	0	360	464	24	24	55
0	0	472	488	24	96	50
0	0	328	584	144	24	52
0	0	264	520	16	24	52
0	0	272	536	24	16	51
0	0	296	552	16	24	52
0	0	304	568	24	16	51
0	0	240	520	24	24	47
0	0	272	552	24	24	47
0	0	304	584	24	24	47
0	0	272	520	24	24	54
0	0	304	552	24	24	54
0	0	472	464	24	24	46
0	0	472	584	24	24	48
0	0	464	488	8	8	15
0	0	464	576	8	8	17
0	0	264	512	8	8	16
0	0	296	544	8	8	16
0	0	328	576	8	8	16
0	0	272	512	32	8	236
0	0	304	544	32	8	236
0	0	336	576	128	8	236
0	0	328	544	8	32	237
0	0	296	512	8	32	237
0	0	264	384	8	128	237
0	0	352	384	8	112	238
0	0	464	496	8	80	238
0	0	352	488	112	8	179
0	0	296	512	8	8	242
0	0	328	544	8	8	242
0	0	352	488	8	8	240
0	0	424	312	8	8	14
0	0	424	416	8	8	16
0	0	512	440	24	32	51
0	0	512	472	24	24	47
0	0	536	472	128	24	52
0	0	664	472	24	24	48
0	0	512	424	24	24	54
0	0	664	216	24	256	50
0	0	704	192	24	24	45
0	0	704	216	24	224	51
0	0	704	440	24	24	47
0	0	984	440	24	24	48
0	0	728	440	256	24	52
0	0	424	320	8	96	237
0	0	536	416	8	48	237
0	0	544	464	112	8	236
0	0	432	416	112	8	236
0	0	536	464	8	8	16
0	0	656	464	8	8	17
0	0	536	416	8	8	242
0	0	984	152	24	24	48
0	0	984	16	24	24	46
0	0	664	192	24	24	46
0	0	576	216	80	8	179
0	0	584	112	24	24	46
0	0	496	136	80	8	179
0	0	600	192	64	24	49
0	0	584	136	24	64	50
0	0	504	40	24	80	50
0	0	520	112	64	24	49
0	0	496	48	8	96	238
0	0	576	144	8	80	238
0	0	656	224	8	240	238
0	0	624	152	24	24	47
0	0	624	16	24	24	45
0	0	728	432	8	8	16
0	0	976	432	8	8	17
0	0	728	224	16	208	237
0	0	728	216	8	8	14
0	0	576	136	8	8	15
0	0	656	216	8	8	15
0	0	976	224	8	208	238
0	0	736	432	240	8	236
0	0	736	224	240	208	319
0	0	584	192	24	24	55
0	0	504	112	24	24	55
0	0	496	136	8	8	240
0	0	576	216	8	8	240
0	0	496	40	8	8	15
0	0	648	16	336	24	49
0	0	624	40	24	112	51
0	0	648	152	336	24	52
0	0	984	40	24	112	50
0	0	648	40	8	8	14
0	0	960	40	24	24	58
0	0	960	128	24	24	60
0	0	792	128	24	24	59
0	0	792	40	24	24	57
0	0	816	40	144	24	232
0	0	816	128	144	24	234
0	0	960	64	24	64	233
0	0	792	64	24	64	235
0	0	648	144	8	8	16
0	0	784	40	8	8	69
0	0	784	64	8	8	69
0	0	784	120	8	8	69
0	0	784	144	8	8	69
0	0	784	48	8	16	71
0	0	784	128	8	16	71
0	0	656	40	128	8	179
0	0	656	144	128	8	236
0	0	648	48	8	96	237
0	0	816	64	8	8	307
0	0	952	64	8	8	308
0	0	952	120	8	8	309
0	0	816	120	8	8	310
0	0	824	64	128	8	311
0	0	824	120	128	8	312
0	0	816	72	8	48	313
0	0	952	72	8	48	238
0	0	824	72	128	48	320
0	0	920	48	16	16	189
0	0	912	48	8	16	72
0	0	936	48	8	16	73
0	0	688	48	64	40	417
0	0	688	48	8	40	401
0	0	744	48	8	40	401
0	0	696	80	48	8	401
0	0	360	312	24	24	48
0	0	232	560	24	24	46
0	0	264	592	24	24	46
0	0	360	264	24	48	50
0	0	216	312	144	24	52
0	0	200	328	24	240	50
0	0	232	584	24	16	50
0	0	264	616	24	16	50
0	0	280	624	240	24	49
0	0	512	512	24	24	45
0	0	696	512	24	24	46
0	0	512	536	24	96	51
0	0	536	512	160	24	49
0	0	736	480	24	24	45
0	0	952	480	24	24	46
0	0	760	480	192	24	49
0	0	360	248	24	24	53
0	0	200	312	24	24	53
0	0	216	560	16	24	49
0	0	248	592	16	24	49
0	0	200	560	24	24	55
0	0	232	592	24	24	55
0	0	264	624	24	24	55
0	0	512	624	24	24	56
0	0	192	304	8	288	238
0	0	224	592	8	32	238
0	0	256	624	8	32	238
0	0	352	240	8	64	238
0	0	192	304	160	8	236
0	0	192	584	32	8	179
0	0	224	616	32	8	179
0	0	256	648	288	8	179
0	0	544	536	144	8	179
0	0	224	584	8	8	15
0	0	256	616	8	8	15
0	0	688	536	8	8	15
0	0	536	536	8	8	14
0	0	536	544	8	112	237
0	0	192	584	8	8	240
0	0	224	616	8	8	240
0	0	256	648	8	8	240
0	0	192	304	8	8	241
0	0	352	240	8	8	241
0	0	536	648	8	8	239
0	0	352	304	8	8	17
0	0	696	536	24	96	50
0	0	712	624	272	24	49
0	0	984	624	24	24	46
0	0	696	624	24	24	55
0	0	952	584	24	24	48
0	0	736	584	24	24	47
0	0	736	504	24	80	51
0	0	952	504	24	80	50
0	0	760	584	192	24	52
0	0	760	504	8	8	14
0	0	944	504	8	8	15
0	0	944	576	8	8	17
0	0	760	576	8	8	16
0	0	768	576	176	8	236
0	0	768	504	176	8	179
0	0	760	512	8	64	237
0	0	944	512	8	64	238
0	0	768	512	176	64	319
0	0	824	984	24	24	48
0	0	984	792	24	24	48
0	0	984	832	24	24	46
0	0	984	648	24	144	50
0	0	984	856	24	80	50
0	0	840	792	144	24	52
0	0	40	792	688	24	52
0	0	840	832	144	24	49
0	0	40	832	688	24	49
0	0	16	792	24	24	47
0	0	16	832	24	24	45
0	0	16	984	24	24	47
0	0	40	984	784	24	52
0	0	40	784	8	8	16
0	0	720	808	24	32	51
0	0	824	808	24	32	50
0	0	720	832	24	24	56
0	0	824	792	24	24	53
0	0	720	792	24	24	54
0	0	824	832	24	24	55
0	0	16	856	24	128	51
0	0	40	920	24	24	57
0	0	40	960	24	24	59
0	0	40	944	24	16	235
0	0	64	960	640	24	234
0	0	64	920	640	24	232
0	0	64	944	640	16	418
0	0	40	856	8	8	14
0	0	48	856	704	8	179
0	0	688	648	288	8	179
0	0	984	936	24	24	48
0	0	960	856	24	24	58
0	0	960	880	24	32	233
0	0	960	912	24	24	60
0	0	840	936	144	24	52
0	0	824	952	24	32	50
0	0	824	936	24	24	53
0	0	704	960	24	24	60
0	0	704	920	24	24	58
0	0	704	944	24	16	233
0	0	840	856	24	24	57
0	0	864	856	96	24	232
0	0	840	912	24	24	59
0	0	864	912	96	24	234
0	0	840	880	24	32	235
0	0	872	880	80	8	311
0	0	872	904	80	8	312
0	0	864	888	8	16	313
0	0	952	888	8	16	314
0	0	872	888	80	16	418
0	0	952	880	8	8	308
0	0	952	904	8	8	309
0	0	864	904	8	8	310
0	0	864	880	8	8	307
0	0	848	888	24	16	298
0	0	848	904	24	8	297
0	0	848	880	24	8	296
0	0	816	976	8	8	17
0	0	976	784	8	8	17
0	0	976	648	8	8	15
0	0	976	656	8	128	238
0	0	816	784	8	80	238
0	0	816	928	8	48	238
0	0	744	784	8	80	237
0	0	824	856	16	8	179
0	0	824	928	16	8	236
0	0	816	784	160	8	236
0	0	48	784	704	8	236
0	0	688	544	8	112	238
0	0	688	648	8	8	240
0	0	816	856	8	8	240
0	0	816	784	8	8	241
0	0	816	928	8	8	241
0	0	744	784	8	8	242
0	0	744	856	8	8	239
0	0	88	840	16	16	189
0	0	80	840	8	16	72
0	0	104	840	8	16	73
0	0	832	856	8	8	69
0	0	832	872	8	8	69
0	0	832	912	8	8	69
0	0	832	928	8	8	69
0	0	832	864	8	8	71
0	0	832	920	8	8	71
0	0	848	488	16	16	76
0	0	848	440	16	16	77
0	0	840	488	8	16	72
0	0	864	488	8	16	73
0	0	864	440	8	16	75
0	0	840	440	8	16	74
0	0	64	984	32	24	405
0	0	672	984	32	24	405
0	0	368	984	32	24	405
0	0	560	120	8	16	73
0	0	544	120	16	16	189
0	0	536	120	8	16	72
0	0	712	648	16	16	325
0	0	712	768	16	24	363
0	0	712	664	16	104	326
0	0	40	40	32	32	3
0	0	48	64	16	8	249
0	0	64	48	8	16	250
0	0	64	64	8	8	245
0	0	40	48	8	16	248
0	0	48	40	16	8	247
0	0	64	40	8	8	244
0	0	40	40	8	8	243
0	0	40	64	8	8	246
0	0	40	88	16	24	363
0	0	56	88	168	24	324
0	0	224	88	16	24	363
0	0	224	56	16	32	326
0	0	224	40	16	16	325
0	0	488	88	16	24	363
0	0	240	88	248	24	324
0	0	248	64	16	16	277
0	0	80	144	8	8	69
0	0	152	144	8	8	69
0	0	152	216	8	8	69
0	0	80	216	8	8	69
0	0	88	144	64	8	70
0	0	80	152	8	64	71
0	0	152	152	8	64	71
0	0	104	216	8	8	69
0	0	128	216	8	8	69
0	0	88	216	16	8	70
0	0	136	216	16	8	70
0	0	112	240	16	8	70
0	0	96	256	8	392	71
0	0	136	256	8	352	71
0	0	136	608	8	8	69
0	0	168	608	8	8	69
0	0	168	640	8	8	69
0	0	200	640	8	8	69
0	0	200	672	8	8	69
0	0	168	616	8	24	71
0	0	200	648	8	24	71
0	0	144	608	24	8	70
0	0	176	640	24	8	70
0	0	208	672	24	8	70
0	0	232	672	8	8	69
0	0	232	704	8	8	69
0	0	104	240	8	8	69
0	0	128	240	8	8	69
0	0	104	224	8	16	71
0	0	128	224	8	16	71
0	0	96	248	8	8	69
0	0	136	248	8	8	69
0	0	232	680	8	24	71
0	0	128	648	8	8	69
0	0	128	680	8	8	69
0	0	160	680	8	8	69
0	0	160	712	8	8	69
0	0	128	656	8	24	71
0	0	160	688	8	24	71
0	0	104	648	24	8	70
0	0	136	680	24	8	70
0	0	200	744	432	8	70
0	0	96	648	8	8	69
0	0	240	704	352	8	70
0	0	592	704	8	8	69
0	0	592	664	8	8	69
0	0	632	664	8	8	69
0	0	632	744	8	8	69
0	0	632	672	8	72	71
0	0	600	664	32	8	70
0	0	320	720	32	16	2
0	0	368	720	16	16	2
0	0	400	720	16	16	2
0	0	432	720	16	16	2
0	0	464	720	16	16	2
0	0	496	720	16	16	2
0	0	288	712	8	8	69
0	0	536	712	8	8	69
0	0	536	736	8	8	69
0	0	288	736	8	8	69
0	0	296	712	240	8	70
0	0	296	736	240	8	70
0	0	192	712	8	8	69
0	0	192	720	8	24	71
0	0	168	712	24	8	70
0	0	192	744	8	8	69
0	0	632	248	16	16	277
0	0	328	280	16	16	277
0	0	56	760	16	16	277
0	0	832	432	8	8	69
0	0	872	432	8	8	69
0	0	832	408	8	8	69
0	0	752	408	8	8	69
0	0	952	408	8	8	69
0	0	872	408	8	8	69
0	0	752	384	8	8	69
0	0	952	384	8	8	69
0	0	784	376	8	8	69
0	0	808	376	8	8	69
0	0	784	352	8	8	69
0	0	728	352	8	8	69
0	0	736	352	48	8	70
0	0	792	376	16	8	70
0	0	760	408	72	8	70
0	0	880	408	72	8	70
0	0	752	392	8	16	71
0	0	784	360	8	16	71
0	0	832	416	8	16	71
0	0	872	416	8	16	71
0	0	952	392	8	16	71
0	0	896	376	8	8	69
0	0	920	376	8	8	69
0	0	920	352	8	8	69
0	0	976	352	8	8	69
0	0	928	352	48	8	70
0	0	904	376	16	8	70
0	0	920	360	8	16	71
0	0	832	216	8	8	69
0	0	832	240	8	8	69
0	0	752	240	8	8	69
0	0	752	264	8	8	69
0	0	872	216	8	8	69
0	0	872	240	8	8	69
0	0	952	240	8	8	69
0	0	952	264	8	8	69
0	0	752	248	8	16	71
0	0	952	248	8	16	71
0	0	832	224	8	16	71
0	0	872	224	8	16	71
0	0	760	240	72	8	70
0	0	880	240	72	8	70
0	0	784	296	8	8	69
0	0	728	296	8	8	69
0	0	736	296	48	8	70
0	0	920	296	8	8	69
0	0	976	296	8	8	69
0	0	928	296	48	8	70
0	0	784	272	8	8	69
0	0	808	272	8	8	69
0	0	792	272	16	8	70
0	0	896	272	8	8	69
0	0	920	272	8	8	69
0	0	904	272	16	8	70
0	0	784	280	8	16	71
0	0	920	280	8	16	71
0	0	816	304	8	8	69
0	0	816	344	8	8	69
0	0	888	344	8	8	69
0	0	888	304	8	8	69
0	0	824	304	64	8	70
0	0	824	344	64	8	70
0	0	816	312	8	32	71
0	0	888	312	8	32	71
5	0	712	48	chest	0	_none	1	-1
5	0	944	880	chest_2	0	_none	1	-1
5	0	112	176	chest_3	0	_none	1	-1
1	0	312	733	destination_point	-1	1
1	0	360	733	destination_point_2	-1	1
1	0	392	733	destination_point_3	-1	1
1	0	424	733	destination_point_4	-1	1
1	0	456	733	destination_point_5	-1	1
1	0	488	733	destination_point_6	-1	1
1	0	520	733	destination_point_7	-1	1
0	1	880	40	96	8	439
0	1	840	880	8	32	295
0	1	248	48	16	16	278
0	1	632	232	16	16	278
0	1	328	264	16	16	278
0	1	56	744	16	16	278
0	2	536	112	64	8	437
0	2	264	352	96	8	437
0	2	40	832	128	8	437
0	2	808	480	96	8	437
0	2	808	456	96	8	438
0	2	904	192	96	8	437
0	2	456	288	64	8	437
0	2	40	16	192	8	437
0	2	0	0	16	1008	170
0	2	16	0	992	16	170
0	2	80	16	32	8	429
0	2	1008	0	16	1024	170
0	2	328	16	192	8	437
0	2	432	16	32	8	429
0	2	480	288	32	8	429
0	2	904	192	96	8	437
0	2	936	192	32	8	429
0	2	296	352	32	8	429
0	2	440	16	16	8	435
0	2	488	288	16	8	435
0	2	304	352	16	8	435
0	2	944	192	16	8	435
0	2	144	16	32	8	429
0	2	152	16	16	8	435
0	2	88	16	16	8	433
0	2	368	16	32	8	429
0	2	376	16	16	8	433
0	2	528	16	96	96	170
0	2	608	112	16	80	170
0	2	624	176	384	16	170
0	2	912	40	32	8	429
0	2	920	40	16	8	433
0	2	688	192	16	272	170
0	2	512	496	176	16	170
0	2	496	464	16	144	170
0	2	288	608	224	16	170
0	2	288	592	16	16	170
0	2	256	576	48	16	170
0	2	256	544	16	32	170
0	2	224	544	32	16	170
0	2	224	352	16	192	170
0	2	224	336	160	16	170
0	2	400	448	112	16	170
0	2	384	272	16	192	170
0	2	400	272	128	16	170
0	2	720	512	16	96	170
0	2	720	608	288	16	170
0	2	976	480	32	128	170
0	2	0	1008	1008	16	170
0	2	16	816	704	16	170
0	2	848	816	160	16	170
0	2	736	464	272	16	170
0	2	848	960	160	48	170
0	2	80	832	32	8	429
0	2	88	832	16	8	433
0	2	688	464	48	48	170
0	2	840	480	32	8	154
0	2	840	456	32	8	155
0	2	536	112	32	8	429
0	2	544	112	16	8	433
