1024	1024	3	0	0	0	225	8	dark_world_dungeon.spc
0	0	280	584	272	160	319
0	0	280	584	8	160	237
0	0	592	584	24	64	51
0	0	408	744	144	80	319
0	0	720	768	160	96	319
0	0	304	768	80	32	418
0	0	280	824	272	160	319
0	0	384	952	64	24	399
0	0	48	816	160	160	319
0	0	40	272	176	32	303
0	0	40	128	176	32	303
0	0	112	160	32	112	303
0	0	40	128	16	32	260
0	0	200	128	16	32	261
0	0	40	272	16	32	260
0	0	200	272	16	32	261
0	0	16	16	24	24	45
0	0	40	16	176	24	49
0	0	216	16	24	24	46
0	0	16	40	24	448	51
0	0	216	40	24	448	50
0	0	48	48	160	80	319
0	0	40	40	8	8	14
0	0	208	40	8	8	15
0	0	48	40	160	8	179
0	0	40	48	8	80	237
0	0	208	48	8	80	238
0	0	88	24	16	16	189
0	0	152	24	16	16	190
0	0	80	24	8	16	72
0	0	104	24	8	16	73
0	0	144	24	8	16	72
0	0	168	24	8	16	73
0	0	40	128	176	8	247
0	0	40	152	72	8	249
0	0	144	152	72	8	249
0	0	40	272	72	8	247
0	0	144	272	72	8	247
0	0	40	296	176	8	249
0	0	112	160	8	112	248
0	0	136	160	8	112	250
0	0	136	272	8	8	254
0	0	112	152	8	8	252
0	0	136	152	8	8	251
0	0	112	272	8	8	253
0	0	40	160	8	112	237
0	0	208	160	8	112	238
0	0	40	304	8	176	237
0	0	208	304	8	176	238
0	0	48	160	64	112	319
0	0	144	160	64	112	319
0	0	48	304	160	176	319
0	0	200	80	16	24	363
0	0	152	80	16	24	363
0	0	168	80	32	24	324
0	0	96	200	16	24	363
0	0	40	200	16	24	363
0	0	56	200	40	24	324
0	0	200	160	16	16	325
0	0	200	248	16	24	363
0	0	200	176	16	72	326
0	0	144	360	16	24	363
0	0	88	360	16	24	363
0	0	104	360	40	24	324
0	0	200	328	16	24	363
0	0	160	328	40	24	324
0	0	144	344	16	16	326
0	0	144	328	16	16	325
0	0	16	488	24	24	47
0	0	16	528	24	24	45
0	0	16	552	24	320	51
0	0	16	984	24	24	47
0	0	216	488	24	24	48
0	0	40	480	8	8	16
0	0	208	480	8	8	17
0	0	40	488	176	24	52
0	0	216	528	24	24	46
0	0	216	552	24	432	50
0	0	40	552	8	8	14
0	0	208	552	8	8	15
0	0	48	552	160	8	179
0	0	40	560	8	144	237
0	0	208	560	8	144	238
0	0	216	984	24	24	48
0	0	40	976	8	8	16
0	0	208	976	8	8	17
0	0	48	976	160	8	236
0	0	40	984	176	24	52
0	0	40	528	176	24	49
0	0	208	816	8	160	238
0	0	40	816	8	48	237
0	0	192	704	24	24	58
0	0	192	792	24	24	60
0	0	40	792	24	24	59
0	0	40	704	24	24	57
0	0	64	704	128	24	232
0	0	192	728	24	64	233
0	0	64	792	128	24	234
0	0	40	728	24	64	235
0	0	64	728	128	64	418
0	0	16	912	24	24	45
0	0	16	936	24	48	51
0	0	16	872	24	24	47
0	0	40	872	32	24	52
0	0	40	912	32	24	49
0	0	64	888	24	32	51
0	0	64	872	24	24	54
0	0	64	912	24	24	56
0	0	40	944	8	32	237
0	0	88	864	8	80	237
0	0	48	864	48	8	236
0	0	40	864	8	8	16
0	0	40	936	8	8	14
0	0	48	936	48	8	179
0	0	88	936	8	8	239
0	0	88	864	8	8	242
0	0	48	560	160	144	319
0	0	216	888	16	8	79
0	0	216	912	16	8	81
0	0	40	656	16	24	363
0	0	152	656	16	24	363
0	0	56	656	96	24	324
0	0	200	864	16	24	363
0	0	200	832	16	16	325
0	0	200	848	16	16	326
0	0	96	896	16	16	2
0	0	120	488	16	16	77
0	0	216	896	16	16	83
0	0	48	480	160	8	236
0	0	112	488	8	16	74
0	0	136	488	8	16	75
0	0	112	536	8	16	72
0	0	136	536	8	16	73
0	0	120	536	16	16	76
0	0	256	968	24	24	47
0	0	272	984	24	24	47
0	0	536	984	24	24	48
0	0	552	968	24	24	48
0	0	256	40	24	928	51
0	0	552	808	24	160	50
0	0	296	984	240	24	52
0	0	272	968	24	24	54
0	0	536	968	24	24	53
0	0	408	984	16	16	336
0	0	424	984	8	16	335
0	0	400	984	8	16	334
0	0	400	960	32	24	329
0	0	376	944	8	32	400
0	0	448	944	8	32	400
0	0	384	944	64	8	400
0	0	336	936	16	16	277
0	0	480	936	16	16	277
0	0	464	872	16	16	277
0	0	352	872	16	16	277
0	0	280	800	24	24	59
0	0	264	896	16	16	82
0	0	264	912	16	8	80
0	0	264	888	16	8	78
0	0	280	832	8	128	237
0	0	280	960	8	8	16
0	0	296	976	8	8	16
0	0	528	976	8	8	17
0	0	544	960	8	8	17
0	0	288	960	16	8	236
0	0	304	976	80	8	236
0	0	448	976	80	8	236
0	0	528	960	16	8	236
0	0	376	976	24	24	330
0	0	432	976	24	24	331
0	0	296	960	8	16	237
0	0	528	960	8	16	238
0	0	528	960	8	8	241
0	0	296	960	8	8	242
0	0	384	800	24	24	60
0	0	304	800	80	24	234
0	0	280	768	24	32	235
0	0	280	744	24	24	57
0	0	304	744	80	24	232
0	0	384	744	24	24	58
0	0	384	768	24	32	233
0	0	376	792	24	8	293
0	0	376	768	24	8	292
0	0	376	776	24	16	294
0	0	280	824	8	8	69
0	0	312	824	8	8	69
0	0	288	824	24	8	70
0	0	376	824	8	8	69
0	0	408	824	8	8	69
0	0	384	824	24	8	70
0	0	256	16	24	24	45
0	0	984	984	24	24	48
0	0	592	984	24	24	47
0	0	592	856	24	128	51
0	0	592	832	24	24	45
0	0	568	792	80	24	52
0	0	616	984	368	24	52
0	0	616	832	80	24	49
0	0	688	760	24	80	51
0	0	648	792	24	24	48
0	0	648	712	24	80	50
0	0	688	736	24	24	45
0	0	688	832	24	24	56
0	0	664	696	320	24	52
0	0	984	696	24	24	48
0	0	552	792	24	24	53
0	0	648	696	24	24	53
0	0	984	856	24	128	50
0	0	904	832	80	24	49
0	0	888	760	24	80	50
0	0	984	832	24	24	46
0	0	888	736	24	24	46
0	0	712	736	176	24	49
0	0	792	696	16	16	77
0	0	792	744	16	16	76
0	0	784	744	8	16	72
0	0	808	744	8	16	73
0	0	808	696	8	16	75
0	0	784	696	8	16	74
0	0	888	832	24	24	55
0	0	960	856	24	24	58
0	0	960	960	24	24	60
0	0	960	880	24	80	233
0	0	800	960	160	24	234
0	0	800	856	160	24	232
0	0	776	856	24	24	57
0	0	776	960	24	24	59
0	0	776	880	24	80	235
0	0	768	976	8	8	69
0	0	768	848	8	8	69
0	0	800	848	8	8	69
0	0	840	848	8	8	69
0	0	880	848	8	8	69
0	0	808	864	8	24	288
0	0	832	864	8	24	289
0	0	816	864	16	24	290
0	0	776	848	24	8	70
0	0	848	848	32	8	70
0	0	768	856	8	120	71
0	0	808	888	144	64	418
0	0	800	880	8	8	307
0	0	952	880	8	8	308
0	0	952	952	8	8	309
0	0	800	952	8	8	310
0	0	808	952	144	8	312
0	0	840	880	112	8	311
0	0	952	888	8	64	314
0	0	800	888	8	64	313
0	0	928	928	32	32	2
0	0	616	856	8	8	14
0	0	712	760	8	8	14
0	0	616	976	8	8	16
0	0	880	760	8	8	15
0	0	624	976	144	8	236
0	0	616	864	8	112	237
0	0	624	856	96	8	179
0	0	720	760	160	8	179
0	0	712	768	8	96	237
0	0	880	768	8	80	238
0	0	624	864	144	112	319
0	0	712	856	8	8	239
0	0	544	784	8	176	238
0	0	984	504	24	192	50
0	0	200	952	16	24	363
0	0	200	920	16	16	325
0	0	200	936	16	16	326
0	0	552	40	24	608	50
0	0	568	640	32	24	49
0	0	552	640	24	24	55
0	0	280	16	272	24	49
0	0	552	16	24	24	46
0	0	592	16	24	24	45
0	0	592	40	24	480	51
0	0	592	640	24	24	56
0	0	280	504	272	80	303
0	0	280	504	16	80	260
0	0	536	504	16	80	261
0	0	280	576	272	8	249
0	0	280	504	272	8	247
0	0	592	520	24	24	47
0	0	592	560	24	24	45
0	0	616	560	272	24	49
0	0	616	520	224	24	52
0	0	552	664	96	128	319
0	0	616	584	368	112	319
0	0	280	736	8	8	69
0	0	312	736	8	8	69
0	0	288	736	24	8	70
0	0	376	736	8	8	69
0	0	408	736	8	8	69
0	0	384	736	24	8	70
0	0	408	760	8	8	69
0	0	408	800	8	8	69
0	0	408	744	8	16	71
0	0	408	808	8	16	71
0	0	280	248	272	256	319
0	0	544	584	8	80	238
0	0	616	584	8	8	14
0	0	616	592	8	80	237
0	0	544	664	80	8	179
0	0	616	664	8	8	239
0	0	544	664	8	8	240
0	0	960	560	24	24	60
0	0	904	560	24	24	59
0	0	880	472	24	96	51
0	0	880	560	24	24	56
0	0	840	520	24	24	48
0	0	928	560	32	24	234
0	0	904	496	24	64	235
0	0	960	496	24	64	233
0	0	928	552	8	24	300
0	0	936	552	16	24	302
0	0	952	552	8	24	301
0	0	624	584	288	8	179
0	0	976	592	8	96	238
0	0	960	584	8	8	69
0	0	976	584	8	8	69
0	0	920	584	8	8	69
0	0	904	584	8	8	69
0	0	912	584	8	8	70
0	0	968	584	8	8	70
0	0	544	784	96	8	236
0	0	640	688	336	8	236
0	0	640	784	8	8	17
0	0	976	688	8	8	17
0	0	640	688	8	96	238
0	0	640	688	8	8	241
0	0	544	784	8	8	241
0	0	280	344	8	160	237
0	0	544	424	8	80	238
17	0	48	413	6
17	0	48	429	6
17	0	208	413	6
17	0	208	429	6
17	0	64	429	6
17	0	64	445	6
17	0	80	429	6
17	0	80	445	6
17	0	96	429	6
17	0	96	445	6
17	0	112	429	6
17	0	112	445	6
17	0	128	429	6
17	0	128	445	6
17	0	144	429	6
17	0	144	445	6
17	0	160	429	6
17	0	160	445	6
17	0	176	429	6
17	0	176	445	6
17	0	192	429	6
17	0	192	445	6
4	0	104	909	0	rupee	1	-1
8	0	56	933	interactive_entity	3	0	entities/hint_stone	dialog#dungeon_3.arbror_direction_hint
11	0	304	776	switch	1	0	0
4	0	312	789	0	_none	1	-1
4	0	952	941	0	_random	1	-1
4	0	936	941	0	_random	1	-1
4	0	936	957	0	_random	1	-1
4	0	952	957	0	small_key	1	108
0	1	336	920	16	16	278
0	1	352	856	16	16	278
0	1	464	856	16	16	278
0	1	480	920	16	16	278
0	1	400	768	8	32	291
0	1	808	856	32	8	287
0	1	928	576	32	8	299
0	2	40	16	192	8	437
0	2	760	712	96	8	438
0	2	760	736	96	8	437
0	2	256	856	8	96	441
0	2	232	856	8	96	442
0	2	0	0	16	1008	170
0	2	16	0	992	16	170
0	2	240	16	16	992	170
0	2	16	512	224	16	170
0	2	16	896	48	16	170
0	2	80	16	32	8	429
0	2	144	16	32	8	429
0	2	88	16	16	8	433
0	2	152	16	16	8	435
0	2	232	888	8	32	163
0	2	0	1008	1008	16	170
0	2	112	528	32	8	431
0	2	112	504	32	8	432
0	2	376	1000	24	8	332
0	2	432	1000	24	8	333
0	2	256	888	8	32	162
0	2	256	992	16	16	170
0	2	560	992	16	16	170
0	2	1008	0	16	1024	170
0	2	576	816	16	192	170
0	2	592	816	80	16	170
0	2	672	720	16	112	170
0	2	688	720	320	16	170
0	2	912	736	96	96	170
0	2	576	16	16	624	170
0	2	592	544	288	16	170
0	2	784	736	32	8	154
0	2	784	712	32	8	155
