1120	1008	0	-100	0	1600	-1	1	overworld.spc
0	0	544	824	16	16	271
0	0	496	824	16	16	272
0	0	200	896	48	16	664
0	0	904	144	64	16	177
0	0	856	56	16	32	49
0	0	920	160	32	32	49
0	0	360	632	32	32	49
0	0	336	768	32	16	49
0	0	1024	600	48	16	37
0	0	960	600	32	16	37
0	0	960	512	112	16	44
0	0	824	976	64	32	49
0	0	864	968	8	8	52
0	0	864	968	32	8	523
0	0	16	304	16	16	86
0	0	88	304	16	16	89
0	0	240	256	96	80	275
0	0	232	312	16	16	86
0	0	1008	768	48	16	49
0	0	640	768	8	16	792
0	0	624	40	32	8	523
0	0	672	688	96	48	638
0	0	952	952	8	8	52
0	0	752	520	16	96	722
0	0	752	608	64	16	722
0	0	744	520	8	120	720
0	0	816	608	32	32	722
0	0	832	640	32	16	722
0	0	800	600	48	8	720
0	0	984	640	48	16	722
0	0	776	664	32	96	524
0	0	784	528	80	48	632
0	0	968	520	96	56	632
0	0	984	528	64	24	634
0	0	904	336	64	32	9
0	0	1088	272	32	160	444
0	0	1096	264	16	16	271
0	0	72	448	112	176	9
0	0	104	448	48	24	275
0	0	104	600	48	24	275
0	0	96	472	64	128	275
0	0	336	304	96	96	275
0	0	360	376	16	16	551
0	0	0	416	32	608	448
0	0	0	400	16	608	444
0	0	584	832	72	16	45
0	0	600	952	16	16	177
0	0	600	936	16	16	192
0	0	344	984	16	16	49
0	0	232	952	240	16	49
0	0	280	968	288	16	49
0	0	216	920	16	48	49
0	0	272	976	80	32	49
0	0	800	952	64	32	49
0	0	848	952	8	8	52
0	0	848	960	8	8	59
0	0	896	864	48	16	49
0	0	896	880	48	96	49
0	0	1000	984	48	16	49
0	0	936	968	80	16	49
0	0	936	952	16	16	49
0	0	1040	976	48	32	49
0	0	1056	848	48	128	49
0	0	848	848	144	16	49
0	0	712	824	16	16	49
0	0	816	784	304	16	49
0	0	720	816	80	32	49
0	0	784	808	16	16	49
0	0	800	800	320	48	49
0	0	936	616	40	16	45
0	0	1040	616	40	16	45
0	0	1096	536	24	80	9
0	0	1056	392	16	16	49
0	0	1040	456	48	16	49
0	0	1040	408	32	48	49
0	0	752	456	48	16	49
0	0	752	472	368	32	49
0	0	1072	304	16	112	128
0	0	960	40	32	8	523
0	0	1008	40	32	8	523
0	0	1056	40	32	8	523
0	0	904	24	192	16	505
0	0	744	464	8	8	53
0	0	744	472	8	16	58
0	0	56	344	16	16	271
0	0	368	600	16	32	49
0	0	504	648	64	16	49
0	0	536	632	48	16	49
0	0	576	456	32	16	49
0	0	608	472	16	96	49
0	0	560	472	48	160	49
0	0	544	616	16	16	49
0	0	296	664	256	16	49
0	0	336	704	16	64	49
0	0	344	664	32	112	49
0	0	64	832	96	16	45
0	0	136	896	24	16	45
0	0	64	896	24	16	45
0	0	216	1000	8	8	483
0	0	88	1000	8	8	481
0	0	112	1000	96	8	189
0	0	24	376	16	16	271
0	0	40	360	16	16	271
0	0	32	368	16	16	271
0	0	96	0	384	104	275
0	0	680	384	48	16	49
0	0	672	360	64	32	49
0	0	736	376	16	32	49
0	0	664	352	64	16	49
0	0	664	336	64	16	387
0	0	896	400	16	16	272
0	0	928	400	16	16	271
0	0	816	304	24	16	45
0	0	848	336	24	16	45
0	0	968	192	40	16	45
0	0	848	192	56	16	45
0	0	248	184	16	16	272
0	0	296	184	16	16	271
0	0	616	104	16	32	49
0	0	632	120	128	16	49
0	0	728	104	112	16	49
0	0	840	88	32	32	49
0	0	872	40	16	32	49
0	0	888	40	16	16	49
0	0	584	40	32	80	49
0	0	568	240	16	16	49
0	0	544	0	16	192	49
0	0	560	0	32	240	49
0	0	528	32	16	112	49
0	0	160	360	32	16	49
0	0	128	328	80	32	49
0	0	296	344	16	16	83
0	0	280	344	16	16	270
0	0	232	328	16	16	270
0	0	232	280	16	16	28
0	0	232	184	16	16	271
0	0	168	176	32	32	49
0	0	176	168	48	16	49
0	0	96	104	40	40	275
0	0	320	104	184	200	275
0	0	320	192	16	16	187
0	0	304	128	16	16	83
0	0	144	128	16	16	90
0	0	128	144	16	16	90
0	0	16	320	16	16	270
0	0	96	320	16	16	269
0	0	0	0	16	288	25
0	0	112	160	16	128	27
0	0	128	160	8	128	130
0	0	136	160	8	128	274
0	0	144	144	16	16	269
0	0	160	144	144	8	260
0	0	304	144	16	16	270
0	0	320	160	8	32	273
0	0	240	184	16	8	259
0	0	128	288	16	16	269
0	0	112	288	16	16	90
0	0	112	304	16	16	269
0	0	120	296	16	16	269
0	0	0	288	16	16	83
0	0	24	312	80	8	119
0	0	24	328	80	8	260
0	0	0	304	16	16	270
0	0	8	312	16	16	270
0	0	24	320	80	8	266
0	0	136	152	16	16	269
0	0	160	136	144	8	266
0	0	160	128	144	8	119
0	0	104	312	16	16	269
0	0	320	144	16	16	83
0	0	312	152	16	16	270
0	0	328	160	8	32	125
0	0	240	200	80	8	194
0	0	240	192	16	8	265
0	0	320	208	16	16	188
0	0	16	0	16	288	19
0	0	32	288	64	16	18
0	0	152	104	160	16	18
0	0	352	160	16	48	19
0	0	96	160	16	128	20
0	0	16	288	16	16	29
0	0	96	288	16	16	280
0	0	112	144	16	16	280
0	0	128	128	16	16	280
0	0	320	128	16	16	29
0	0	336	144	16	16	29
0	0	336	208	16	16	23
0	0	320	224	16	16	23
0	0	240	240	80	16	17
0	0	32	304	64	8	277
0	0	168	120	128	8	277
0	0	136	120	16	16	280
0	0	312	120	16	16	29
0	0	336	160	16	32	25
0	0	336	192	16	16	276
0	0	240	224	80	16	26
0	0	240	208	80	16	192
0	0	320	240	16	16	24
0	0	336	224	16	16	24
0	0	352	208	16	16	24
0	0	96	144	16	16	30
0	0	112	128	16	16	30
0	0	136	104	16	16	30
0	0	128	112	16	16	30
0	0	352	144	16	16	28
0	0	336	128	16	16	28
0	0	312	104	16	16	28
0	0	328	120	16	16	28
0	0	32	0	64	288	275
0	0	32	280	16	16	10
0	0	88	256	16	16	10
0	0	80	224	16	16	10
0	0	48	240	16	16	10
0	0	24	224	16	16	10
0	0	64	192	16	16	10
0	0	40	144	16	16	10
0	0	88	120	16	16	10
0	0	176	80	16	16	10
0	0	144	192	8	128	58
0	0	152	184	8	8	61
0	0	160	176	8	8	61
0	0	168	168	8	8	61
0	0	176	160	48	8	60
0	0	216	168	8	8	54
0	0	208	176	8	8	54
0	0	200	184	8	8	54
0	0	192	192	8	8	54
0	0	184	200	8	8	54
0	0	176	208	8	8	54
0	0	168	216	8	8	54
0	0	168	224	8	96	57
0	0	160	184	16	32	49
0	0	152	192	16	176	49
0	0	176	216	8	8	50
0	0	184	208	8	8	50
0	0	192	200	8	8	50
0	0	200	192	8	8	50
0	0	208	184	8	8	50
0	0	216	176	8	8	50
0	0	224	168	8	8	50
0	0	224	160	8	8	52
0	0	144	184	8	8	53
0	0	152	176	8	8	53
0	0	160	168	8	8	53
0	0	168	160	8	8	53
0	0	288	160	16	8	36
0	0	240	160	16	8	36
0	0	200	176	8	8	62
0	0	176	192	8	8	62
0	0	160	280	8	8	62
0	0	152	232	8	8	63
0	0	176	184	8	8	63
0	0	224	192	16	16	271
0	0	216	200	16	16	271
0	0	208	208	16	16	271
0	0	200	216	16	16	271
0	0	224	208	16	16	187
0	0	208	224	16	16	187
0	0	224	224	16	16	188
0	0	224	240	16	16	23
0	0	224	256	16	32	19
0	0	208	256	16	32	126
0	0	208	240	16	16	223
0	0	200	240	8	48	125
0	0	192	224	16	16	271
0	0	192	240	8	48	273
0	0	192	288	16	16	270
0	0	200	296	16	16	270
0	0	208	304	16	16	270
0	0	216	312	16	16	270
0	0	224	320	16	16	270
0	0	224	288	16	16	29
0	0	232	296	16	16	29
0	0	208	288	16	16	83
0	0	224	304	16	16	83
0	0	248	296	16	16	18
0	0	264	296	16	16	18
0	0	248	312	16	8	277
0	0	240	320	48	8	119
0	0	240	328	32	8	266
0	0	240	336	32	8	260
0	0	280	296	16	16	28
0	0	296	312	16	16	28
0	0	312	328	16	16	28
0	0	280	312	16	16	29
0	0	296	328	16	16	29
0	0	280	328	16	16	83
0	0	272	320	16	16	83
0	0	272	336	16	16	270
0	0	280	344	16	16	270
0	0	288	352	8	48	273
0	0	296	352	8	48	125
0	0	304	352	16	48	25
0	0	320	336	16	16	28
0	0	304	336	16	16	29
0	0	320	352	16	48	19
0	0	144	320	8	8	61
0	0	136	328	8	8	61
0	0	128	336	8	16	58
0	0	136	352	8	8	56
0	0	144	360	8	8	56
0	0	152	368	8	8	56
0	0	160	376	16	8	55
0	0	176	368	8	8	54
0	0	184	360	8	8	54
0	0	192	352	8	8	54
0	0	200	336	8	16	57
0	0	192	328	8	8	59
0	0	176	320	16	8	60
0	0	168	320	8	8	59
0	0	136	320	8	8	53
0	0	128	328	8	8	53
0	0	128	352	8	8	51
0	0	136	360	8	8	51
0	0	144	368	8	8	51
0	0	152	376	8	8	51
0	0	200	352	8	8	50
0	0	192	360	8	8	50
0	0	176	376	8	8	50
0	0	184	368	8	8	50
0	0	192	320	8	8	52
0	0	200	328	8	8	52
0	0	176	328	8	8	62
0	0	144	344	8	8	62
0	0	168	360	8	8	62
0	0	184	328	8	8	63
0	0	168	344	8	8	63
0	0	152	352	8	8	63
0	0	160	304	8	8	63
0	0	208	368	16	16	42
0	0	192	408	16	16	42
0	0	176	384	16	8	36
0	0	224	400	16	8	36
0	0	232	248	16	16	10
0	0	248	272	16	16	10
0	0	304	304	16	16	10
0	0	384	368	16	16	10
0	0	400	320	16	16	10
0	0	400	352	16	48	20
0	0	400	336	16	16	30
0	0	416	320	16	16	30
0	0	432	304	16	16	30
0	0	448	288	16	16	30
0	0	464	272	16	16	30
0	0	416	336	16	16	280
0	0	432	320	16	16	280
0	0	448	304	16	16	280
0	0	464	288	16	16	280
0	0	416	352	16	48	27
0	0	432	336	16	16	90
0	0	448	320	16	16	90
0	0	464	304	16	16	90
0	0	480	288	16	16	90
0	0	496	272	16	16	90
0	0	480	272	16	16	280
0	0	432	352	8	48	130
0	0	448	336	16	16	269
0	0	464	320	16	16	269
0	0	480	304	16	16	269
0	0	496	288	16	16	269
0	0	488	296	16	16	269
0	0	472	312	16	16	269
0	0	456	328	16	16	269
0	0	440	344	16	16	269
0	0	480	0	16	272	20
0	0	496	0	16	272	27
0	0	512	272	16	16	269
0	0	504	280	16	16	269
0	0	512	0	8	272	130
0	0	520	0	8	272	274
0	0	272	32	16	16	10
0	0	344	64	16	16	10
0	0	544	0	8	16	58
0	0	544	16	8	8	61
0	0	536	24	8	8	61
0	0	528	32	8	8	61
0	0	528	136	8	8	56
0	0	536	144	8	8	56
0	0	544	152	8	8	56
0	0	544	160	8	32	58
0	0	552	192	8	8	56
0	0	560	200	8	8	56
0	0	560	208	8	32	58
0	0	568	240	8	8	56
0	0	576	248	8	8	56
0	0	584	128	8	128	57
0	0	584	120	8	8	54
0	0	592	120	16	8	55
0	0	608	120	8	8	56
0	0	616	128	8	8	56
0	0	528	144	8	8	51
0	0	536	152	8	8	51
0	0	544	192	8	8	51
0	0	552	200	8	8	51
0	0	568	248	8	8	51
0	0	560	240	8	8	51
0	0	576	256	8	8	51
0	0	584	256	8	8	50
0	0	536	16	8	8	53
0	0	528	24	8	8	53
0	0	584	0	8	32	57
0	0	584	32	8	8	59
0	0	608	40	8	8	59
0	0	592	32	16	8	60
0	0	616	48	8	48	57
0	0	616	96	8	8	59
0	0	624	104	8	8	59
0	0	632	112	8	8	59
0	0	640	112	80	8	60
0	0	624	136	128	8	55
0	0	720	112	8	8	61
0	0	728	104	8	8	61
0	0	752	128	8	8	54
0	0	760	120	8	8	54
0	0	736	96	96	8	60
0	0	768	120	80	8	55
0	0	832	96	8	8	61
0	0	840	88	8	8	61
0	0	848	80	8	8	61
0	0	856	56	8	8	61
0	0	864	48	8	8	61
0	0	872	40	8	8	61
0	0	848	64	8	16	58
0	0	848	112	8	8	54
0	0	896	48	8	8	54
0	0	880	32	16	8	60
0	0	896	40	8	8	59
0	0	608	128	8	8	51
0	0	616	136	8	8	51
0	0	720	104	8	8	53
0	0	728	96	8	8	53
0	0	832	88	8	8	53
0	0	840	80	8	8	53
0	0	856	48	8	8	53
0	0	864	40	8	8	53
0	0	872	32	8	8	53
0	0	896	32	8	8	52
0	0	632	104	8	8	52
0	0	624	96	8	8	52
0	0	616	40	8	8	52
0	0	608	32	8	8	52
0	0	760	128	8	8	50
0	0	752	136	8	8	50
0	0	856	112	8	8	50
0	0	848	120	8	8	50
0	0	848	56	8	8	53
0	0	904	40	8	8	52
0	0	904	48	8	8	50
0	0	544	48	8	8	62
0	0	592	56	8	8	62
0	0	568	96	8	8	62
0	0	536	136	8	8	62
0	0	568	176	8	8	62
0	0	576	232	8	8	62
0	0	688	128	8	8	62
0	0	752	112	8	8	62
0	0	848	96	8	8	62
0	0	856	80	8	8	62
0	0	880	48	8	8	62
0	0	696	128	8	8	63
0	0	584	64	8	8	63
0	0	544	40	8	8	63
0	0	552	120	8	8	63
0	0	568	184	8	8	63
0	0	784	104	8	8	63
0	0	856	88	8	8	63
0	0	304	184	16	8	259
0	0	304	192	16	8	265
0	0	272	176	16	8	36
0	0	256	192	8	8	283
0	0	296	192	8	8	284
0	0	264	192	32	8	464
0	0	872	80	16	16	272
0	0	872	96	16	16	451
0	0	872	112	16	16	453
0	0	872	128	16	16	457
0	0	904	104	64	8	259
0	0	904	112	64	8	265
0	0	984	80	16	16	271
0	0	992	72	16	16	271
0	0	984	96	16	16	452
0	0	984	112	16	16	454
0	0	984	128	16	16	458
0	0	904	120	64	8	194
0	0	968	144	16	16	77
0	0	968	112	16	16	187
0	0	968	96	16	16	271
0	0	976	88	16	16	271
0	0	880	88	16	16	272
0	0	888	96	16	16	272
0	0	888	112	16	16	185
0	0	888	128	16	16	186
0	0	888	144	16	16	71
0	0	968	128	16	16	188
0	0	872	128	8	64	46
0	0	992	128	8	64	46
0	0	1008	192	8	16	46
0	0	856	192	8	16	44
0	0	992	192	8	16	44
0	0	1008	208	8	16	44
0	0	960	192	8	16	44
0	0	872	192	8	16	44
0	0	888	192	8	16	44
0	0	904	192	8	16	44
0	0	840	176	8	64	46
0	0	840	240	8	16	44
0	0	816	240	24	16	45
0	0	824	240	8	16	44
0	0	808	240	8	32	46
0	0	808	272	8	16	44
0	0	816	272	56	16	45
0	0	840	336	8	16	44
0	0	856	336	8	16	44
0	0	872	224	8	16	44
0	0	880	224	96	16	45
0	0	888	224	8	16	44
0	0	904	224	8	16	44
0	0	920	224	8	16	44
0	0	944	224	8	16	44
0	0	960	224	8	16	44
0	0	976	224	8	16	44
0	0	840	304	8	16	44
0	0	824	304	8	16	44
0	0	808	352	8	16	44
0	0	808	304	8	48	46
0	0	816	176	24	16	45
0	0	808	176	8	16	44
0	0	824	176	8	16	44
0	0	808	144	8	32	46
0	0	768	144	8	64	46
0	0	768	320	8	16	44
0	0	800	208	8	16	44
0	0	776	208	24	16	45
0	0	784	208	8	16	44
0	0	872	272	8	64	46
0	0	872	336	8	16	44
0	0	824	272	8	16	44
0	0	840	272	8	16	44
0	0	856	272	8	16	44
0	0	856	240	16	8	36
0	0	984	224	16	8	36
0	0	896	240	16	16	42
0	0	1032	144	16	16	42
0	0	872	360	16	16	43
0	0	984	320	16	16	43
0	0	800	368	16	16	272
0	0	808	376	16	16	272
0	0	808	392	16	16	451
0	0	808	408	16	16	453
0	0	808	424	16	16	457
0	0	816	384	16	16	272
0	0	824	392	16	16	272
0	0	824	408	16	16	185
0	0	824	424	16	16	186
0	0	824	440	16	16	71
0	0	1024	368	16	16	271
0	0	1016	392	16	16	452
0	0	1016	408	16	16	454
0	0	1016	424	16	16	458
0	0	1000	440	16	16	77
0	0	1000	408	16	16	187
0	0	1000	392	16	16	271
0	0	1008	384	16	16	271
0	0	1000	424	16	16	188
0	0	840	440	160	16	177
0	0	840	416	160	8	194
0	0	840	408	64	8	265
0	0	936	408	64	8	265
0	0	904	408	8	8	283
0	0	928	408	8	8	284
0	0	912	408	16	8	464
0	0	840	400	64	8	259
0	0	936	400	64	8	259
0	0	840	376	16	8	36
0	0	936	392	16	8	36
0	0	1000	360	16	16	37
0	0	656	296	16	16	272
0	0	704	296	16	16	271
0	0	608	264	16	16	272
0	0	616	272	16	16	272
0	0	616	288	16	16	451
0	0	616	304	16	16	453
0	0	616	320	16	16	457
0	0	624	280	16	16	272
0	0	632	288	16	16	272
0	0	632	304	16	16	185
0	0	632	320	16	16	186
0	0	632	336	16	16	71
0	0	744	272	16	16	271
0	0	752	264	16	16	271
0	0	744	288	16	16	452
0	0	744	304	16	16	454
0	0	744	320	16	16	458
0	0	728	336	16	16	77
0	0	728	304	16	16	187
0	0	728	288	16	16	271
0	0	736	280	16	16	271
0	0	728	320	16	16	188
0	0	648	320	80	16	192
0	0	648	312	80	8	194
0	0	648	304	16	8	265
0	0	712	304	16	8	265
0	0	664	304	8	8	283
0	0	704	304	8	8	284
0	0	672	304	32	8	464
0	0	648	296	16	8	259
0	0	712	296	16	8	259
0	0	800	440	8	16	45
0	0	792	440	8	16	44
0	0	808	440	8	16	44
0	0	752	440	8	16	44
0	0	760	432	8	8	51
0	0	784	432	8	8	50
0	0	784	416	8	16	57
0	0	760	392	8	8	59
0	0	672	328	8	24	396
0	0	680	328	16	24	398
0	0	696	328	8	24	397
0	0	672	320	32	8	489
0	0	728	352	8	8	57
0	0	736	368	8	8	59
0	0	656	352	8	16	58
0	0	648	336	16	16	177
0	0	664	368	8	8	56
0	0	672	376	8	8	56
0	0	736	400	8	8	56
0	0	688	392	40	8	55
0	0	760	424	8	8	56
0	0	752	416	8	8	56
0	0	752	424	8	8	51
0	0	736	408	8	8	51
0	0	728	400	8	8	51
0	0	656	368	8	8	51
0	0	760	384	8	8	52
0	0	768	392	8	8	52
0	0	976	192	8	16	44
0	0	1088	432	32	16	177
0	0	1072	432	16	16	71
0	0	1072	416	16	16	219
0	0	1088	280	32	8	194
0	0	1088	272	16	8	60
0	0	1072	288	16	16	224
0	0	1056	256	16	16	451
0	0	1056	272	16	16	453
0	0	1056	288	16	16	457
0	0	1072	272	16	16	185
0	0	1080	272	8	8	465
0	0	1080	264	8	8	470
0	0	1048	352	8	16	44
0	0	1048	320	8	32	46
0	0	1040	360	8	16	44
0	0	904	264	8	16	503
0	0	960	264	8	16	504
0	0	912	272	48	16	505
0	0	920	288	32	8	523
0	0	912	232	48	40	502
0	0	760	440	16	16	524
0	0	776	440	16	16	524
0	0	896	280	16	16	524
0	0	912	296	16	16	524
0	0	928	296	16	16	524
0	0	944	296	16	16	524
0	0	960	280	16	16	524
0	0	1000	256	16	16	524
0	0	1016	256	16	16	524
0	0	808	224	16	16	525
0	0	896	208	16	16	525
0	0	960	208	16	16	525
0	0	1000	224	32	32	526
0	0	-8	360	48	16	505
0	0	40	352	8	16	504
0	0	0	376	32	8	523
0	0	-8	320	48	40	502
0	0	48	352	16	16	271
0	0	16	384	16	16	271
0	0	0	392	16	8	259
0	0	0	400	16	8	265
0	0	48	368	16	16	187
0	0	40	376	16	16	187
0	0	32	384	16	16	187
0	0	24	392	16	16	187
0	0	16	400	16	16	187
0	0	48	384	16	16	454
0	0	48	400	16	16	458
0	0	0	408	16	8	194
0	0	32	416	16	592	127
0	0	32	400	16	16	223
0	0	64	992	32	32	526
0	0	112	992	96	8	482
0	0	104	992	8	8	481
0	0	208	992	8	8	483
0	0	120	920	48	16	36
0	0	56	928	48	8	36
0	0	56	912	48	16	37
0	0	120	912	48	16	37
0	0	56	896	8	16	44
0	0	72	896	8	16	44
0	0	120	896	16	16	44
0	0	144	896	8	16	44
0	0	160	896	8	16	44
0	0	56	832	8	64	46
0	0	160	832	8	64	46
0	0	72	832	8	16	44
0	0	96	832	8	16	44
0	0	144	832	8	16	44
0	0	144	816	16	8	36
0	0	72	800	16	8	36
0	0	48	768	16	8	36
0	0	208	784	16	8	36
0	0	496	784	16	8	36
0	0	232	800	32	32	526
0	0	112	408	32	8	9
0	0	104	416	48	8	9
0	0	96	424	64	8	9
0	0	88	432	80	8	9
0	0	80	440	96	8	9
0	0	112	656	32	8	9
0	0	104	648	48	8	9
0	0	96	640	64	8	9
0	0	88	632	80	8	9
0	0	80	624	96	8	9
0	0	48	496	16	8	36
0	0	96	512	16	16	10
0	0	112	496	16	16	10
0	0	128	496	16	16	10
0	0	144	512	16	16	10
0	0	144	480	16	16	10
0	0	96	480	16	16	10
0	0	112	464	16	16	10
0	0	128	464	16	16	10
0	0	112	528	16	16	10
0	0	128	528	16	16	10
0	0	96	544	16	16	10
0	0	144	544	16	16	10
0	0	112	560	16	16	10
0	0	128	560	16	16	10
0	0	96	576	16	16	10
0	0	144	576	16	16	10
0	0	128	592	16	16	10
0	0	112	592	16	16	10
0	0	232	608	16	16	42
0	0	64	672	16	16	42
0	0	192	656	16	8	36
0	0	48	704	288	40	502
0	0	48	744	288	16	505
0	0	56	760	32	8	523
0	0	104	760	32	8	523
0	0	152	760	32	8	523
0	0	200	760	32	8	523
0	0	248	760	32	8	523
0	0	296	760	32	8	523
0	0	336	736	8	16	504
0	0	328	760	8	8	58
0	0	336	768	8	8	56
0	0	344	776	8	8	56
0	0	360	776	8	8	54
0	0	368	768	8	8	54
0	0	376	760	8	8	57
0	0	328	768	8	8	51
0	0	336	776	8	8	51
0	0	344	784	8	8	51
0	0	360	784	8	8	50
0	0	368	776	8	8	50
0	0	376	768	8	8	50
0	0	368	736	8	16	503
0	0	376	744	240	16	505
0	0	384	760	32	8	523
0	0	432	760	32	8	523
0	0	480	760	32	8	523
0	0	528	760	32	8	523
0	0	576	760	32	8	523
0	0	616	728	8	16	504
0	0	352	720	8	8	62
0	0	360	760	8	8	62
0	0	360	752	8	8	63
0	0	360	704	8	8	546
0	0	368	712	8	8	546
0	0	376	672	8	8	545
0	0	408	664	8	8	545
0	0	352	640	8	16	58
0	0	368	688	8	16	57
0	0	360	632	8	8	61
0	0	384	632	8	8	59
0	0	352	632	8	8	53
0	0	392	632	8	8	52
0	0	368	680	8	8	54
0	0	376	680	168	8	55
0	0	392	640	8	16	57
0	0	392	656	8	8	59
0	0	400	656	104	8	60
0	0	544	672	8	8	54
0	0	552	664	8	8	54
0	0	560	656	8	8	54
0	0	576	640	8	8	54
0	0	568	648	8	8	54
0	0	584	632	8	8	54
0	0	592	624	8	8	54
0	0	504	656	8	8	61
0	0	520	648	8	8	61
0	0	528	640	8	8	61
0	0	536	632	8	8	61
0	0	544	624	8	8	61
0	0	552	616	8	8	61
0	0	560	608	8	8	61
0	0	504	648	8	8	53
0	0	520	640	8	8	53
0	0	528	632	8	8	53
0	0	536	624	8	8	53
0	0	544	616	8	8	53
0	0	552	608	8	8	53
0	0	576	456	8	8	53
0	0	552	672	8	8	50
0	0	544	680	8	8	50
0	0	560	664	8	8	50
0	0	568	656	8	8	50
0	0	576	648	8	8	50
0	0	584	640	8	8	50
0	0	592	632	8	8	50
0	0	600	624	8	8	50
0	0	560	480	8	128	58
0	0	600	576	8	48	57
0	0	600	568	8	8	54
0	0	608	560	8	8	54
0	0	568	472	8	8	61
0	0	576	464	8	8	61
0	0	584	456	8	8	61
0	0	592	456	8	8	59
0	0	600	464	8	8	59
0	0	608	472	8	8	59
0	0	616	480	8	80	57
0	0	584	448	8	8	53
0	0	568	464	8	8	53
0	0	560	472	8	8	53
0	0	592	448	8	8	52
0	0	600	456	8	8	52
0	0	608	464	8	8	52
0	0	616	472	8	8	52
0	0	616	560	8	8	50
0	0	608	568	8	8	50
0	0	528	592	16	16	43
0	0	624	608	16	16	43
0	0	592	656	16	8	36
0	0	592	480	8	8	62
0	0	576	504	8	8	62
0	0	600	520	8	8	62
0	0	552	640	8	8	62
0	0	592	512	8	8	63
0	0	496	664	8	8	63
0	0	480	672	8	8	546
0	0	600	544	8	8	546
0	0	536	648	8	8	545
0	0	584	600	8	8	545
0	0	576	472	8	8	545
0	0	440	352	8	48	274
0	0	256	400	240	40	502
0	0	232	448	288	40	502
0	0	208	496	336	40	502
0	0	232	544	288	40	502
0	0	256	592	96	40	502
0	0	400	592	96	40	502
0	0	256	632	96	16	505
0	0	400	632	96	16	505
0	0	264	648	32	8	523
0	0	312	648	32	8	523
0	0	408	648	32	8	523
0	0	456	648	32	8	523
0	0	248	624	8	16	503
0	0	392	624	8	16	503
0	0	232	584	48	16	505
0	0	208	536	48	16	505
0	0	496	536	48	16	505
0	0	472	584	48	16	505
0	0	328	584	48	16	505
0	0	376	584	48	16	505
0	0	240	600	32	8	523
0	0	216	552	32	8	523
0	0	504	552	32	8	523
0	0	480	600	32	8	523
0	0	544	528	8	16	504
0	0	520	576	8	16	504
0	0	496	624	8	16	504
0	0	352	624	8	16	504
0	0	224	576	8	16	503
0	0	200	528	8	16	503
0	0	600	336	48	40	502
0	0	600	376	48	16	505
0	0	680	384	8	8	56
0	0	728	392	8	8	56
0	0	680	392	8	8	51
0	0	672	384	8	8	51
0	0	624	384	48	40	502
0	0	648	432	96	40	502
0	0	672	480	48	40	502
0	0	648	528	96	40	502
0	0	672	576	48	40	502
0	0	624	424	48	16	505
0	0	648	472	96	16	505
0	0	648	568	96	16	505
0	0	672	616	48	16	505
0	0	592	368	8	16	503
0	0	616	416	8	16	503
0	0	640	464	8	16	503
0	0	640	560	8	16	503
0	0	664	608	8	16	503
0	0	680	632	32	8	523
0	0	720	608	8	16	504
0	0	744	560	8	16	504
0	0	744	464	8	16	504
0	0	744	408	8	8	56
0	0	744	376	8	8	59
0	0	752	384	8	8	59
0	0	768	400	8	8	59
0	0	728	360	8	8	59
0	0	768	432	16	8	55
0	0	776	408	8	8	59
0	0	752	392	16	32	49
0	0	768	408	16	32	49
0	0	776	400	8	8	52
0	0	752	376	8	8	52
0	0	744	368	8	8	52
0	0	784	408	8	8	52
0	0	736	360	8	8	52
0	0	760	392	8	8	59
0	0	776	408	8	8	59
0	0	752	416	8	8	56
0	0	744	416	8	8	51
0	0	768	432	16	8	55
0	0	760	352	16	8	36
0	0	1112	472	8	8	59
0	0	1088	464	8	8	59
0	0	1072	456	16	8	60
0	0	1064	456	8	8	59
0	0	1064	392	8	64	57
0	0	1064	384	8	8	52
0	0	1112	464	8	8	52
0	0	1088	456	8	8	52
0	0	1056	384	8	8	53
0	0	1048	392	8	8	53
0	0	1040	400	8	8	53
0	0	1056	392	8	8	61
0	0	1048	400	8	8	61
0	0	1040	408	8	48	58
0	0	1040	456	8	8	61
0	0	1032	464	8	8	61
0	0	1024	472	8	8	61
0	0	1032	456	8	8	53
0	0	1024	464	8	8	53
0	0	1104	496	8	8	56
0	0	1112	512	8	8	51
0	0	1104	504	8	8	51
0	0	760	456	32	8	60
0	0	752	464	8	8	61
0	0	792	464	8	8	59
0	0	800	472	8	8	59
0	0	752	488	8	8	56
0	0	744	488	8	8	51
0	0	808	472	216	8	60
0	0	904	-16	240	40	502
0	0	1072	32	48	40	502
0	0	1048	120	96	16	505
0	0	912	40	32	8	523
0	0	896	16	8	16	503
0	0	1048	80	96	40	502
0	0	1072	128	48	40	502
0	0	1072	168	48	16	505
0	0	1080	184	32	8	523
0	0	1040	112	8	16	503
0	0	1064	160	8	16	503
0	0	1056	136	32	8	523
0	0	984	40	32	32	526
0	0	616	-16	240	40	502
0	0	616	24	48	16	505
0	0	640	32	192	40	502
0	0	640	72	192	16	505
0	0	808	24	48	16	505
0	0	816	40	32	8	523
0	0	792	88	32	8	523
0	0	744	88	32	8	523
0	0	696	88	32	8	523
0	0	648	88	32	8	523
0	0	608	16	8	16	503
0	0	632	64	8	16	503
0	0	832	64	8	16	504
0	0	856	16	8	16	504
0	0	1064	304	8	8	51
0	0	760	496	344	8	55
0	0	752	496	8	8	51
0	0	792	456	8	8	52
0	0	752	456	8	8	53
0	0	800	464	8	8	52
0	0	1056	368	16	16	43
0	0	768	480	8	8	62
0	0	1048	464	8	8	62
0	0	1056	472	8	8	63
0	0	776	472	8	8	63
0	0	840	456	16	8	36
0	0	1016	456	16	8	36
0	0	1024	440	16	8	36
0	0	928	464	16	8	36
0	0	984	456	16	16	43
0	0	1104	512	16	16	43
0	0	1104	624	16	16	43
0	0	888	520	48	40	502
0	0	888	560	48	16	505
0	0	896	576	32	8	523
0	0	880	552	8	16	503
0	0	936	552	8	16	504
0	0	944	520	8	96	46
0	0	960	616	8	16	44
0	0	984	616	8	16	44
0	0	1064	616	8	16	44
0	0	1048	616	8	16	44
0	0	1072	784	48	8	60
0	0	1064	784	8	8	59
0	0	1056	776	8	8	59
0	0	1008	768	48	8	60
0	0	1000	776	8	8	61
0	0	992	784	8	8	61
0	0	816	784	176	8	60
0	0	808	792	8	8	61
0	0	800	800	8	8	61
0	0	1080	992	8	16	57
0	0	1080	984	8	8	54
0	0	1088	976	8	8	54
0	0	1096	848	8	128	57
0	0	1096	840	8	8	54
0	0	1104	840	16	8	55
0	0	800	792	8	8	53
0	0	992	776	8	8	53
0	0	792	800	8	8	53
0	0	1064	776	8	8	52
0	0	1000	768	8	8	53
0	0	1056	768	8	8	52
0	0	792	808	8	8	61
0	0	784	816	8	8	61
0	0	784	808	8	8	53
0	0	808	784	8	8	53
0	0	704	816	80	8	60
0	0	704	824	8	8	56
0	0	712	832	8	8	56
0	0	720	840	112	8	55
0	0	832	840	8	8	56
0	0	840	848	8	8	56
0	0	848	856	32	8	55
0	0	880	856	8	8	56
0	0	888	864	8	8	56
0	0	896	872	8	8	56
0	0	896	880	8	24	58
0	0	888	872	8	8	51
0	0	880	864	8	8	51
0	0	840	856	8	8	51
0	0	832	848	8	8	51
0	0	712	840	8	8	51
0	0	704	832	8	8	51
0	0	696	824	8	8	51
0	0	696	816	8	8	53
0	0	1040	1000	8	8	56
0	0	1008	1000	32	8	55
0	0	1000	992	8	8	56
0	0	992	984	8	8	56
0	0	944	984	48	8	55
0	0	936	976	8	8	56
0	0	960	960	48	8	60
0	0	1008	968	8	8	59
0	0	1016	976	8	8	59
0	0	952	960	8	8	59
0	0	944	952	8	8	59
0	0	936	944	8	8	59
0	0	936	880	8	64	57
0	0	1064	712	16	16	43
0	0	936	872	8	8	54
0	0	944	864	8	8	54
0	0	952	856	8	8	54
0	0	960	856	32	8	55
0	0	992	848	8	8	54
0	0	1000	840	8	8	54
0	0	1008	840	32	8	55
0	0	1040	840	8	8	56
0	0	1048	848	8	8	56
0	0	1056	856	8	8	56
0	0	1024	976	16	8	60
0	0	1040	976	8	8	61
0	0	1048	968	8	8	61
0	0	1056	960	8	8	61
0	0	1056	864	8	96	58
0	0	992	856	8	8	50
0	0	1000	848	8	8	50
0	0	952	864	8	8	50
0	0	944	872	8	8	50
0	0	1088	984	8	8	50
0	0	1096	976	8	8	50
0	0	1016	968	8	8	52
0	0	1008	960	8	8	52
0	0	1040	968	8	8	53
0	0	1048	960	8	8	53
0	0	1040	848	8	8	51
0	0	1048	856	8	8	51
0	0	992	992	8	8	51
0	0	1000	1000	8	8	51
0	0	936	984	8	8	51
0	0	928	976	8	8	51
0	0	800	888	48	64	49
0	0	856	912	48	40	502
0	0	848	944	8	16	503
0	0	872	992	8	16	503
0	0	856	952	48	16	505
0	0	880	1000	48	16	505
0	0	840	952	8	8	59
0	0	840	896	8	56	57
0	0	832	888	8	8	59
0	0	824	880	8	8	59
0	0	816	880	8	8	61
0	0	808	888	8	8	61
0	0	800	896	8	24	58
0	0	840	888	8	8	52
0	0	832	880	8	8	52
0	0	824	872	8	8	52
0	0	816	872	8	8	53
0	0	808	880	8	8	53
0	0	800	888	8	8	53
0	0	712	928	96	40	502
0	0	640	976	192	40	502
0	0	264	1000	8	8	61
0	0	272	992	8	8	61
0	0	272	976	8	16	58
0	0	272	968	8	8	56
0	0	224	968	48	8	55
0	0	216	960	8	8	56
0	0	208	928	8	32	58
0	0	216	920	8	8	61
0	0	224	920	8	8	59
0	0	232	928	8	16	57
0	0	232	944	8	8	59
0	0	240	944	224	8	60
0	0	464	952	8	8	59
0	0	472	960	8	8	59
0	0	480	960	72	8	60
0	0	552	960	8	8	61
0	0	560	960	8	8	59
0	0	568	968	8	8	59
0	0	368	976	8	8	54
0	0	264	992	8	8	53
0	0	256	1000	8	8	53
0	0	208	920	8	8	53
0	0	216	912	8	8	53
0	0	552	952	8	8	53
0	0	208	960	8	8	51
0	0	216	968	8	8	51
0	0	224	912	8	8	52
0	0	464	944	8	8	52
0	0	472	952	8	8	52
0	0	232	920	8	8	52
0	0	560	952	8	8	52
0	0	568	960	8	8	52
0	0	576	968	8	8	52
0	0	368	984	8	8	50
0	0	576	976	8	8	50
0	0	296	1000	8	8	54
0	0	304	1000	48	8	55
0	0	352	992	8	8	54
0	0	360	984	8	8	54
0	0	376	976	200	8	55
0	0	360	992	8	8	50
0	0	352	1000	8	8	50
0	0	304	968	8	8	62
0	0	352	984	8	8	62
0	0	440	960	8	8	62
0	0	432	952	8	8	63
0	0	296	968	8	8	63
0	0	408	960	8	8	545
0	0	304	984	8	8	545
0	0	808	816	8	8	62
0	0	896	824	8	8	62
0	0	968	800	8	8	62
0	0	1024	784	8	8	62
0	0	1080	840	8	8	62
0	0	1072	960	8	8	62
0	0	920	872	8	8	62
0	0	816	896	8	8	62
0	0	816	808	8	8	63
0	0	976	808	8	8	63
0	0	1072	952	8	8	63
0	0	864	984	8	8	546
0	0	824	936	8	8	546
0	0	848	992	8	8	545
0	0	912	936	8	8	545
0	0	1080	848	8	8	63
0	0	1056	800	8	8	62
0	0	1112	792	8	8	62
0	0	576	896	16	16	272
0	0	584	920	16	16	451
0	0	584	936	16	16	453
0	0	584	952	16	16	457
0	0	656	896	16	16	271
0	0	648	920	16	16	452
0	0	648	936	16	16	454
0	0	648	952	16	16	458
0	0	600	928	48	8	194
0	0	648	904	16	16	271
0	0	584	904	16	16	272
0	0	504	864	16	16	177
0	0	536	864	16	16	177
0	0	504	848	16	16	192
0	0	536	848	16	16	192
0	0	480	808	16	16	272
0	0	488	832	16	16	451
0	0	488	848	16	16	453
0	0	488	864	16	16	457
0	0	560	808	16	16	271
0	0	552	832	16	16	452
0	0	552	848	16	16	454
0	0	552	864	16	16	458
0	0	520	856	16	24	67
0	0	504	840	48	8	194
0	0	552	816	16	16	271
0	0	488	816	16	16	272
0	0	512	856	8	24	487
0	0	536	856	8	24	488
0	0	512	848	32	8	489
0	0	504	944	32	16	44
0	0	504	880	8	64	46
0	0	528	928	8	16	46
0	0	592	832	8	16	44
0	0	576	832	8	16	44
0	0	640	832	8	16	44
0	0	608	832	8	16	44
0	0	624	832	8	16	44
0	0	656	880	8	16	44
0	0	656	848	8	16	44
0	0	704	848	16	16	37
0	0	520	912	16	16	43
0	0	544	928	16	16	37
0	0	632	856	16	8	36
0	0	608	880	16	8	36
0	0	88	896	16	16	44
0	0	64	880	16	16	524
0	0	64	864	32	16	524
0	0	64	848	96	16	524
0	0	144	880	16	16	524
0	0	128	864	32	16	524
0	0	360	312	8	64	550
0	0	368	352	16	16	10
0	0	344	304	8	96	549
0	0	336	368	16	16	10
0	0	328	336	16	16	10
0	0	360	296	16	16	554
0	0	376	280	16	16	554
0	0	392	264	16	16	554
0	0	336	272	16	16	551
0	0	336	288	16	16	553
0	0	360	280	16	16	552
0	0	376	264	16	16	552
0	0	320	264	16	8	547
0	0	408	240	16	8	547
0	0	392	248	16	16	552
0	0	408	248	16	16	554
0	0	320	272	16	16	553
0	0	344	280	16	16	551
0	0	352	272	16	16	10
0	0	352	296	8	96	9
0	0	368	304	16	16	10
0	0	400	272	16	16	10
0	0	1016	752	104	16	44
0	0	872	768	16	16	43
0	0	896	680	16	16	43
0	0	784	848	16	16	42
0	0	944	616	8	16	44
0	0	632	680	32	80	524
0	0	632	664	176	16	524
0	0	648	760	48	16	524
0	0	728	760	64	16	524
0	0	664	792	8	8	40
0	0	768	792	8	8	41
0	0	784	776	8	8	41
0	0	440	136	16	16	10
0	0	432	152	16	16	10
0	0	408	280	16	16	10
0	0	384	352	16	16	10
0	0	328	320	16	16	10
0	0	248	256	16	16	10
0	0	344	80	16	16	10
0	0	368	72	16	16	10
0	0	440	24	16	16	10
0	0	256	40	16	16	10
0	0	40	8	16	16	10
0	0	40	24	16	16	10
0	0	56	16	16	16	10
0	0	88	56	16	16	10
0	0	72	64	16	16	10
0	0	56	80	16	16	10
0	0	96	72	16	16	10
0	0	152	24	16	16	10
0	0	176	24	16	16	10
0	0	80	264	16	16	10
0	0	32	232	16	16	10
0	0	80	184	16	16	10
0	0	392	200	16	16	10
0	0	1000	272	32	32	630
0	0	112	784	32	32	630
0	0	856	968	8	8	59
0	0	864	976	8	8	59
0	0	872	976	8	8	52
0	0	120	624	16	8	547
0	0	104	616	16	16	551
0	0	88	600	16	16	551
0	0	88	472	8	128	550
0	0	88	456	16	16	554
0	0	104	440	16	16	554
0	0	120	440	16	8	548
0	0	136	440	16	16	553
0	0	152	456	16	16	553
0	0	160	472	8	128	549
0	0	136	616	16	16	552
0	0	152	600	16	16	552
0	0	1016	376	16	16	271
0	0	1024	296	16	16	44
0	0	1072	264	8	8	465
0	0	1072	256	8	8	470
0	0	1064	256	8	8	465
0	0	1064	248	8	8	470
0	0	1056	240	8	8	470
0	0	1056	248	8	8	465
0	0	1032	320	8	8	545
0	0	1040	312	8	8	545
0	0	1080	264	8	8	545
0	0	1088	256	8	8	545
0	0	1096	176	48	40	502
0	0	1096	216	48	16	505
0	0	1104	232	32	8	523
0	0	1088	208	8	16	503
0	0	96	1000	8	8	481
0	0	1104	992	32	32	527
0	0	336	992	32	32	527
0	0	64	376	8	8	746
0	0	64	360	8	16	745
0	0	64	352	8	16	745
0	0	64	344	8	8	744
0	0	760	296	8	8	746
0	0	760	280	8	16	745
0	0	760	272	8	16	745
0	0	760	264	8	8	744
0	0	1032	400	8	8	746
0	0	1032	384	8	16	745
0	0	1032	376	8	16	745
0	0	1032	368	8	8	744
0	0	1000	104	8	8	746
0	0	1000	88	8	16	745
0	0	1000	80	8	16	745
0	0	1000	72	8	8	744
0	0	568	840	8	8	746
0	0	568	824	8	16	745
0	0	568	816	8	16	745
0	0	568	808	8	8	744
0	0	664	928	8	8	746
0	0	664	912	8	16	745
0	0	664	904	8	16	745
0	0	664	896	8	8	744
0	0	608	296	8	8	741
0	0	608	280	8	16	742
0	0	608	272	8	16	742
0	0	608	264	8	8	743
0	0	800	400	8	8	741
0	0	800	384	8	16	742
0	0	800	376	8	16	742
0	0	800	368	8	8	743
0	0	480	840	8	8	741
0	0	480	824	8	16	742
0	0	480	816	8	16	742
0	0	480	808	8	8	743
0	0	576	928	8	8	741
0	0	576	912	8	16	742
0	0	576	904	8	16	742
0	0	576	896	8	8	743
0	0	1048	264	8	8	741
0	0	1048	248	8	16	742
0	0	1048	240	8	8	743
0	0	1104	264	16	8	259
0	0	1104	272	16	8	265
0	0	1096	272	8	8	284
0	0	1096	464	16	8	60
0	0	1048	224	32	32	527
0	0	816	256	16	16	524
0	0	832	256	16	16	524
0	0	952	352	8	8	13
0	0	920	344	8	8	13
0	0	928	344	16	16	14
0	0	1000	584	16	16	681
0	0	816	584	16	16	681
0	0	992	584	8	16	683
0	0	808	584	8	16	683
0	0	832	584	8	16	684
0	0	1016	584	8	16	684
0	0	808	600	32	8	685
0	0	992	600	32	8	685
0	0	1000	616	16	8	36
0	0	968	584	24	16	662
0	0	1024	584	24	16	662
0	0	840	584	24	16	662
0	0	784	584	24	16	662
0	0	776	576	8	24	660
0	0	960	576	8	24	660
0	0	864	576	8	24	665
0	0	1064	576	8	24	665
0	0	784	576	24	8	661
0	0	840	576	24	8	661
0	0	968	576	24	8	661
0	0	1024	576	40	8	661
0	0	784	552	8	24	653
0	0	968	552	8	24	653
0	0	776	528	8	32	631
0	0	856	552	8	24	654
0	0	1056	552	8	24	654
0	0	792	552	8	8	644
0	0	976	552	8	8	644
0	0	848	552	8	8	646
0	0	1048	552	8	8	646
0	0	800	552	48	8	645
0	0	984	552	64	8	645
0	0	992	568	32	16	682
0	0	808	568	32	16	682
0	0	984	544	8	8	680
0	0	984	528	8	8	680
0	0	1040	544	8	8	680
0	0	1040	528	8	8	680
0	0	976	528	8	24	633
0	0	792	528	8	24	633
0	0	960	520	24	8	561
0	0	776	520	24	8	561
0	0	1048	520	24	8	562
0	0	848	520	24	8	562
0	0	800	520	48	8	558
0	0	984	520	64	8	558
0	0	1048	528	8	24	635
0	0	848	528	8	24	635
0	0	800	528	48	24	634
0	0	1064	528	8	32	636
0	0	864	528	8	32	636
0	0	960	528	8	32	631
0	0	696	744	8	16	683
0	0	720	744	8	16	684
0	0	696	760	32	8	685
0	0	744	744	24	16	662
0	0	672	744	24	16	662
0	0	664	736	8	24	660
0	0	768	736	8	24	665
0	0	696	728	32	16	682
0	0	872	528	8	8	667
0	0	1072	528	8	8	667
0	0	872	592	8	8	669
0	0	1072	592	8	8	669
0	0	872	536	8	56	668
0	0	1072	536	8	56	668
0	0	816	528	16	24	679
0	0	800	528	8	8	680
0	0	800	544	8	8	680
0	0	840	544	8	8	680
0	0	840	528	8	8	680
0	0	656	584	32	8	523
0	0	704	584	32	8	523
0	0	704	488	32	8	523
0	0	656	488	32	8	523
0	0	608	392	32	8	523
0	0	632	440	32	8	523
0	0	1032	648	88	8	720
0	0	1024	632	8	16	720
0	0	984	632	8	16	720
0	0	992	632	32	8	720
0	0	832	656	288	16	722
0	0	832	672	288	8	720
0	0	824	640	8	40	720
0	0	752	632	72	8	720
0	0	840	608	8	16	720
0	0	776	608	32	8	720
0	0	864	648	120	8	720
0	0	848	624	8	16	720
0	0	856	640	8	8	720
0	0	752	616	64	16	722
0	0	768	520	8	88	720
0	0	752	520	16	8	720
0	0	872	584	16	24	712
0	0	848	704	16	16	37
0	0	960	864	80	48	632
0	0	992	920	16	16	681
0	0	984	920	8	16	683
0	0	1008	920	8	16	684
0	0	984	936	32	8	685
0	0	1016	920	24	16	662
0	0	960	920	24	16	662
0	0	952	912	8	24	660
0	0	1040	912	8	24	665
0	0	960	912	24	8	661
0	0	1016	912	24	8	661
0	0	960	888	8	24	653
0	0	952	864	8	32	631
0	0	1032	888	8	24	654
0	0	968	888	8	8	644
0	0	1024	888	8	8	646
0	0	976	888	48	8	645
0	0	984	904	32	16	682
0	0	968	864	8	24	633
0	0	952	856	24	8	561
0	0	1024	856	24	8	562
0	0	976	856	48	8	558
0	0	1024	864	8	24	635
0	0	976	864	48	24	634
0	0	1040	864	8	32	636
0	0	1048	928	8	8	669
0	0	1048	864	8	8	667
0	0	1048	872	8	56	668
0	0	1024	936	32	24	708
0	0	944	944	8	8	52
0	0	216	896	16	16	681
0	0	208	896	8	16	683
0	0	232	896	8	16	684
0	0	208	912	32	8	685
0	0	192	888	8	24	660
0	0	248	888	8	24	665
0	0	168	912	32	24	708
0	0	256	904	8	8	669
0	0	256	864	8	8	667
0	0	256	872	8	32	668
0	0	120	832	8	16	44
0	0	672	736	24	8	666
0	0	728	736	40	8	666
0	0	672	712	8	24	655
0	0	760	712	8	24	652
0	0	680	712	8	8	649
0	0	752	712	8	8	651
0	0	688	712	64	8	650
0	0	664	688	8	32	637
0	0	768	688	8	32	642
0	0	752	680	24	8	565
0	0	664	680	24	8	563
0	0	688	680	64	8	564
0	0	680	688	8	24	639
0	0	752	688	8	24	641
0	0	688	688	64	24	640
0	0	688	688	16	24	679
0	0	736	688	16	24	679
0	0	520	48	8	80	617
0	0	224	992	32	32	527
0	0	64	432	16	16	759
0	0	72	424	16	16	759
0	0	80	416	16	16	759
0	0	88	408	16	16	759
0	0	96	400	16	16	759
0	0	112	400	32	8	763
0	0	144	400	16	16	760
0	0	152	408	16	16	760
0	0	160	416	16	16	760
0	0	168	424	16	16	760
0	0	176	432	16	16	760
0	0	184	448	8	176	766
0	0	112	664	32	8	764
0	0	144	656	16	16	761
0	0	152	648	16	16	761
0	0	160	640	16	16	761
0	0	168	632	16	16	761
0	0	176	624	16	16	761
0	0	96	656	16	16	762
0	0	88	648	16	16	762
0	0	80	640	16	16	762
0	0	72	632	16	16	762
0	0	64	624	16	16	762
0	0	64	448	8	176	765
0	0	896	328	16	16	759
0	0	960	360	16	16	761
0	0	960	328	16	16	760
0	0	896	360	16	16	762
0	0	968	344	8	16	766
0	0	896	344	8	16	765
0	0	912	368	48	8	764
0	0	912	328	48	8	763
0	0	1104	528	16	8	763
0	0	1088	528	16	16	759
0	0	1104	616	16	8	764
0	0	1088	608	16	16	762
0	0	1088	544	8	64	765
0	0	272	200	16	24	812
0	0	272	224	16	24	815
0	0	288	224	8	24	814
0	0	264	224	8	24	813
0	0	264	200	8	24	810
0	0	288	200	8	24	811
0	0	376	1000	40	8	793
0	0	368	992	8	16	791
0	0	376	992	40	8	794
0	0	416	984	8	8	797
0	0	368	984	8	8	795
0	0	376	984	40	8	796
0	0	616	768	8	16	791
0	0	616	640	8	8	795
0	0	616	648	8	120	798
0	0	624	656	8	104	799
0	0	792	768	8	16	791
0	0	816	768	8	16	792
0	0	808	656	8	104	798
0	0	816	648	8	120	799
0	0	624	640	192	8	796
0	0	632	656	176	8	793
0	0	632	648	176	8	794
0	0	816	640	8	8	797
0	0	808	648	8	8	802
0	0	624	648	8	8	803
0	0	624	776	16	8	793
0	0	632	760	8	8	796
0	0	624	768	16	8	794
0	0	640	760	8	8	797
0	0	624	760	8	8	801
0	0	640	784	8	48	46
0	0	648	776	8	8	40
0	0	800	776	16	8	793
0	0	800	768	16	8	794
0	0	792	760	8	8	795
0	0	800	760	8	8	796
0	0	808	760	8	8	800
0	0	704	744	16	16	681
0	0	984	704	16	16	42
0	0	1016	848	16	8	36
0	0	992	936	16	8	719
0	0	984	944	16	8	719
0	0	1000	944	16	8	719
0	0	944	984	8	16	44
0	0	936	976	8	16	44
0	0	296	120	16	8	228
0	0	152	120	16	8	227
0	0	264	312	16	8	228
0	0	8	296	16	16	83
0	0	104	296	16	16	90
0	0	136	640	8	8	13
0	0	80	608	8	8	13
0	0	144	432	8	8	13
0	0	168	608	16	16	14
0	0	112	416	16	16	14
0	0	72	504	16	16	14
0	0	168	544	8	8	13
0	0	112	608	8	8	12
0	0	136	512	8	8	12
0	0	872	984	8	8	59
0	0	880	960	48	40	502
0	0	1112	504	8	8	55
0	0	840	424	160	16	192
0	0	768	208	8	112	46
0	0	776	136	8	16	44
0	0	512	928	16	16	825
0	0	648	864	16	16	525
0	0	424	992	16	16	81
0	0	416	1000	8	8	481
0	0	440	992	176	8	189
0	0	432	984	8	8	481
0	0	440	984	176	8	482
0	0	616	992	16	16	80
0	0	616	984	8	8	483
0	0	632	1000	8	8	483
0	0	448	1000	160	8	119
0	0	432	1000	16	16	90
0	0	608	1000	16	16	83
0	0	416	992	8	16	792
0	0	520	312	16	16	910
0	0	520	328	16	16	910
0	0	536	328	16	16	910
0	0	536	312	16	16	910
0	0	536	296	16	16	910
0	0	552	312	16	16	910
0	0	568	312	16	16	910
0	0	656	776	128	16	910
0	0	672	792	96	16	910
0	0	80	880	64	16	910
0	0	96	864	32	16	910
0	0	1048	304	8	8	545
0	0	1080	520	8	96	46
0	0	1080	616	8	16	44
0	0	1048	584	16	16	664
0	0	1024	616	8	16	44
0	0	976	616	8	16	44
0	0	928	616	8	16	44
0	0	1072	512	8	16	44
0	0	952	512	8	16	44
0	0	1032	616	8	16	44
0	0	992	608	32	8	36
0	0	352	784	8	8	55
0	0	296	656	8	8	53
0	0	376	704	240	40	502
0	0	336	688	8	16	58
0	0	352	656	8	8	61
0	0	344	656	8	8	60
0	0	304	680	32	8	55
0	0	336	680	8	8	56
0	0	296	672	8	8	56
0	0	296	664	8	8	61
0	0	304	656	40	8	60
0	0	288	664	8	8	53
0	0	288	672	8	8	51
0	0	296	680	8	8	51
0	0	336	704	8	8	61
0	0	368	704	8	8	59
0	0	512	648	8	8	60
0	0	728	744	16	16	664
0	0	656	832	8	16	46
0	0	928	144	16	16	905
0	0	912	168	8	16	58
0	0	952	168	8	16	57
0	0	944	184	8	8	54
0	0	920	184	8	8	56
0	0	928	192	16	8	55
0	0	944	192	8	8	50
0	0	952	184	8	8	50
0	0	912	184	8	8	51
0	0	920	192	8	8	51
0	0	904	128	64	16	192
0	0	912	144	16	24	914
0	0	944	144	16	24	913
0	0	888	56	8	8	54
0	0	880	72	8	8	54
0	0	888	72	8	8	50
0	0	896	56	8	8	50
0	0	864	88	8	16	754
0	0	864	80	8	16	754
0	0	872	72	8	8	54
0	0	864	104	8	8	755
0	0	856	112	16	8	55
0	0	872	72	8	8	756
0	0	864	72	8	8	753
0	0	888	64	8	8	57
0	0	800	136	8	16	44
0	0	1096	248	8	8	545
0	0	1056	296	8	8	545
0	0	192	888	8	8	677
0	0	200	888	48	8	675
0	0	248	888	8	8	674
0	0	248	856	8	8	672
0	0	192	856	8	8	670
0	0	200	864	48	24	676
0	0	200	856	48	8	671
0	0	248	864	8	24	673
0	0	192	864	8	24	678
0	0	208	880	32	16	682
0	0	376	784	8	8	795
0	0	328	784	8	8	797
0	0	376	792	8	16	791
0	0	328	792	8	16	792
0	0	376	808	32	80	43
0	0	416	784	8	8	797
0	0	384	800	24	8	793
0	0	408	800	8	88	798
0	0	408	888	8	8	800
0	0	408	792	8	8	802
0	0	384	792	24	8	794
0	0	384	784	32	8	796
0	0	416	792	8	104	799
0	0	416	896	8	16	792
0	0	376	896	8	16	791
0	0	384	904	32	8	793
0	0	384	896	32	8	794
0	0	384	888	24	8	796
0	0	376	888	8	8	795
0	0	304	808	32	80	43
0	0	448	888	16	16	42
0	0	296	784	32	8	796
0	0	288	784	8	8	795
0	0	288	792	8	104	798
0	0	288	896	8	16	791
0	0	296	896	32	8	794
0	0	296	904	32	8	793
0	0	328	896	8	16	792
0	0	328	888	8	8	797
0	0	304	888	24	8	796
0	0	296	888	8	8	801
0	0	296	792	8	8	803
0	0	304	792	24	8	794
0	0	296	800	8	88	799
0	0	304	800	24	8	793
0	0	504	832	8	8	283
0	0	544	832	8	8	284
0	0	512	832	32	8	464
0	0	616	952	16	16	915
0	0	632	952	16	16	177
0	0	632	936	16	16	192
0	0	632	944	8	24	488
0	0	616	944	16	24	67
0	0	608	936	32	8	489
0	0	608	944	8	24	487
0	0	608	920	32	8	464
0	0	640	912	16	16	271
0	0	592	912	16	16	272
0	0	600	920	8	8	283
0	0	640	920	8	8	284
0	0	368	568	16	16	7
0	0	368	576	16	24	1028
0	0	384	584	16	16	1027
0	0	352	584	16	16	1026
0	0	360	608	8	24	58
0	0	368	600	8	8	61
0	0	360	600	8	8	53
0	0	384	600	8	8	52
0	0	376	600	8	8	59
0	0	384	608	8	24	57
0	0	248	912	16	16	1039
0	0	960	936	16	16	1039
0	0	784	600	16	16	1039
0	0	824	752	192	16	524
0	0	96	1000	16	16	81
0	0	208	1000	16	16	80
0	0	776	560	8	16	1042
0	0	864	560	8	16	1043
0	0	1064	560	8	16	1043
0	0	960	560	8	16	1042
0	0	768	720	8	16	1045
0	0	664	720	8	16	1044
0	0	952	896	8	16	1042
0	0	1040	896	8	16	1043
0	0	784	128	16	16	525
0	0	664	232	16	16	525
0	0	680	248	16	16	525
0	0	696	232	16	16	525
0	0	680	240	16	8	36
0	0	656	264	8	8	40
0	0	712	264	8	8	41
0	0	680	296	16	8	36
0	0	624	232	16	16	37
0	0	608	168	16	16	37
0	0	744	184	16	16	37
0	0	648	192	16	16	43
0	0	712	160	16	16	43
0	0	736	224	16	16	42
0	0	688	184	16	8	36
0	0	536	264	16	32	524
0	0	552	280	16	32	524
12	0	992	624	32	24	custom_obstacle_3	0	1	1	0
12	0	760	440	32	16	custom_obstacle_2	0	0	1	1
1	0	1008	613	out_link_house	3	0
4	0	544	277	2	_random	1	-1
4	0	544	293	2	_random	1	-1
4	0	560	293	2	_random	1	-1
4	0	560	309	2	_random	1	-1
4	0	528	341	5	_random	1	-1
4	0	528	325	5	_random	1	-1
4	0	544	341	5	_random	1	-1
4	0	544	325	5	_random	1	-1
4	0	544	309	5	_random	1	-1
4	0	560	325	5	_random	1	-1
4	0	576	325	5	_random	1	-1
2	0	1120	0	16	1008	to_C2	0	2	4	_side
2	0	1000	584	16	16	to_link_house	0	1	28	from_outside
4	0	904	293	2	_random	1	-1
4	0	920	309	2	_random	1	-1
4	0	936	309	2	_random	1	-1
4	0	952	309	2	_random	1	-1
4	0	968	293	2	_random	1	-1
4	0	1008	269	2	_random	1	-1
4	0	1024	269	2	_random	1	-1
4	0	784	453	2	_random	1	-1
4	0	768	453	2	_random	1	-1
4	0	816	237	3	_random	1	-1
4	0	904	221	3	rupee	1	-1
4	0	968	221	3	rupee	2	-1
4	0	120	877	5	_random	1	-1
4	0	104	877	5	_random	1	-1
4	0	88	893	5	_random	1	-1
4	0	104	893	5	_random	1	-1
4	0	120	893	5	_random	1	-1
4	0	136	893	5	_random	1	-1
4	0	72	893	2	_random	1	-1
4	0	72	877	2	_random	1	-1
4	0	72	861	2	_random	1	-1
4	0	88	861	2	_random	1	-1
4	0	104	861	2	_random	1	-1
4	0	120	861	2	_random	1	-1
4	0	136	861	2	_random	1	-1
4	0	152	861	2	_random	1	-1
4	0	152	877	2	_random	1	-1
4	0	152	893	2	_random	1	-1
4	0	136	877	2	_random	1	-1
4	0	88	877	2	_random	1	-1
4	0	976	765	2	_random	1	-1
4	0	960	765	2	_random	1	-1
4	0	944	765	2	_random	1	-1
4	0	928	765	2	_random	1	-1
4	0	912	765	2	_random	1	-1
4	0	896	765	2	_random	1	-1
4	0	880	765	2	_random	1	-1
4	0	864	765	2	_random	1	-1
4	0	848	765	2	_random	1	-1
4	0	832	765	2	_random	1	-1
4	0	640	677	2	_random	1	-1
4	0	640	693	2	_random	1	-1
4	0	640	709	2	_random	1	-1
4	0	640	725	2	_random	1	-1
4	0	640	741	2	_random	1	-1
4	0	640	757	2	_random	1	-1
4	0	800	677	2	_random	1	-1
4	0	800	693	2	_random	1	-1
4	0	800	709	2	_random	1	-1
4	0	800	725	2	_random	1	-1
4	0	800	741	2	_random	1	-1
4	0	800	757	2	_random	1	-1
4	0	656	773	2	_random	1	-1
4	0	688	773	2	_random	1	-1
4	0	736	773	2	_random	1	-1
4	0	728	789	5	_random	1	-1
4	0	728	805	5	_random	1	-1
4	0	744	789	5	_random	1	-1
4	0	744	805	5	_random	1	-1
4	0	760	805	5	_random	1	-1
4	0	760	789	5	_random	1	-1
4	0	712	789	5	_random	1	-1
4	0	712	805	5	_random	1	-1
4	0	680	805	5	_random	1	-1
4	0	696	789	5	_random	1	-1
4	0	776	789	5	_random	1	-1
4	0	664	789	5	_random	1	-1
2	0	0	1008	1120	16	to_D1	0	2	6	_side
6	0	912	416	16	8	Jump_sensor	6	56
6	0	672	312	32	8	Jump_sensor_3	6	56
6	0	1064	264	24	24	Jump_sensor_4	5	56
4	0	824	269	2	_random	1	-1
4	0	840	269	2	_random	1	-1
5	0	928	312	Chest	0	rupee	4	13
4	0	656	677	2	_random	1	-1
4	0	672	677	2	_random	1	-1
4	0	688	677	2	_random	1	-1
4	0	704	677	2	_random	1	-1
4	0	720	677	2	_random	1	-1
4	0	736	677	2	fairy	1	-1
4	0	752	677	2	_random	1	-1
4	0	784	677	2	_random	1	-1
4	0	656	693	2	_random	1	-1
4	0	656	709	2	_random	1	-1
4	0	656	725	2	_random	1	-1
4	0	656	741	2	_random	1	-1
4	0	656	757	2	_random	1	-1
2	0	0	-16	1120	16	to_B1	0	2	9	_side
4	0	672	773	2	_random	1	-1
4	0	784	773	2	_random	1	-1
8	0	256	925	telepathic_booth_sign	3	0	entities/sign	dialog#outside_world.telepathic_booth_sign
8	0	968	949	pastry_shop_sign	3	0	entities/sign	dialog#outside_world.village.cake_shop_sign
8	0	792	613	shop_sign	3	0	entities/sign	dialog#outside_world.village.shop_sign
8	0	880	605	letter_box	3	0	_none	dialog#outside_world.village.letter_box
8	0	816	501	hat_man	3	1	npc/newlink4	dialog#outside_world.village.hat_man_npc
8	0	1032	957	water_for_bottle	-1	0	_none	item#bottle_1
8	0	1048	957	water_for_bottle_2	-1	0	_none	item#bottle_1
2	0	704	744	16	16	to_sahasrahla_house	0	1	12	main_entrance
1	0	712	773	out_sahasrahla_house	3	0
7	0	784	853	enemy	3	simple_green_soldier	0	-1	_random	0	-1
7	0	976	829	enemy_2	3	simple_green_soldier	0	-1	_random	0	-1
8	0	1008	645	monkey	3	1	npc/monkey	map
12	0	912	456	16	16	custom_obstacle	0	0	1	1
2	0	680	336	16	16	to_smith_cave	0	1	16	main_entrance
1	0	688	365	out_smith_cave	3	0
8	0	920	597	tree_woman	3	1	npc/villager1	dialog#outside_world.village.tree_woman
1	0	824	613	out_shop	3	0
2	0	816	584	16	16	to_shop	0	1	18	main_entrance
1	0	1000	949	out_cake_shop	3	0
2	0	992	920	16	16	to_cake_shop	0	1	19	main_entrance
8	0	936	685	grand_son	3	1	npc/newlink1	dialog#outside_world.village.grand_son_npc
4	0	656	877	3	_random	1	-1
8	0	1016	125	how_to_save_npc	3	1	npc/newlink6	dialog#outside_world.how_to_save_npc
2	0	928	144	16	16	to_dungeon2	0	1	30	from_outside
12	0	680	328	16	8	custom_obstacle_5	1	1	1	1
1	0	936	173	from_dungeon_2	3	0
7	0	680	837	enemy_3	3	simple_green_soldier	0	-1	_random	0	-1
4	0	784	693	2	_random	1	-1
4	0	784	709	2	_random	1	-1
4	0	784	725	2	_random	1	-1
4	0	784	741	2	_random	1	-1
4	0	784	757	2	_random	1	-1
4	0	768	677	2	_random	1	-1
4	0	752	773	2	_random	1	-1
4	0	696	805	5	_random	1	-1
4	0	680	789	5	_random	1	-1
8	0	936	157	dungeon_2_door	3	0	_none	map
10	0	920	144	32	16	dungeon_2_door_tile	909	1
4	0	768	773	2	_random	1	-1
1	0	224	925	out_telepathic_house	3	0
2	0	216	896	16	16	to_telepathic_house	0	1	32	from_outside
6	0	512	840	32	8	Jump_sensor_2	6	56
2	0	512	928	16	16	teletransporter	0	1	33	from_hole
2	0	616	952	16	16	teletransporter_2	0	1	33	main_entrance
12	0	616	944	16	8	custom_obstacle_4	1	1	1	1
6	0	608	928	32	8	Jump_sensor_5	6	56
1	0	624	981	out_hole_flower_cave	3	0
12	0	520	856	16	8	custom_obstacle_6	1	1	1	1
1	0	528	893	out_bomb_cave	3	0
2	0	520	864	16	16	to_bomb_cave	0	1	34	from_outside
1	0	376	605	from_dungeon_3	3	0
2	0	368	568	16	16	to_dungeon_3	0	1	40	from_outside
18	0	352	624	dungeon_3_entrance_weak_block_2	1	8	110
18	0	384	624	dungeon_3_entrance_weak_block_3	1	8	112
18	0	368	624	dungeon_3_entrance_weak_block	1	8	111
4	0	992	765	2	_random	1	-1
4	0	1008	765	2	_random	1	-1
2	0	680	336	16	16	to_smith_cave_thiefs	0	1	72	main_entrance
7	0	352	853	enemy_4	3	green_knight_soldier	0	-1	_random	0	-1
7	0	592	517	enemy_5	3	blue_knight_soldier	0	-1	_random	0	-1
7	0	584	109	enemy_6	3	green_knight_soldier	0	-1	_random	0	-1
7	0	160	357	enemy_7	3	red_knight_soldier	0	-1	_random	0	-1
4	0	792	141	3	_random	1	-1
4	0	672	245	4	_random	1	-1
5	0	680	216	chest	0	bottle_3	1	912
4	0	688	261	4	_random	1	-1
4	0	704	245	4	_random	1	-1
4	0	656	245	5	_random	1	-1
4	0	672	261	5	_random	1	-1
4	0	688	277	5	_random	1	-1
4	0	704	261	5	_random	1	-1
4	0	720	245	5	_random	1	-1
4	0	720	261	5	_random	1	-1
4	0	704	277	5	_random	1	-1
4	0	672	277	5	_random	1	-1
4	0	656	261	5	_random	1	-1
0	1	256	400	240	40	511
0	1	232	448	288	40	511
0	1	208	480	336	16	512
0	1	232	432	288	16	512
0	1	256	384	240	16	512
0	1	208	496	336	40	511
0	1	232	544	96	40	511
0	1	232	528	288	16	512
0	1	256	592	96	40	511
0	1	296	536	16	16	825
0	1	400	592	96	40	511
0	1	248	392	8	40	513
0	1	224	440	8	40	513
0	1	200	488	8	40	513
0	1	224	536	8	40	513
0	1	248	584	8	40	513
0	1	352	584	8	40	514
0	1	392	584	8	40	513
0	1	496	584	8	40	514
0	1	520	536	8	40	514
0	1	544	488	8	40	514
0	1	520	440	8	40	514
0	1	496	392	8	40	514
0	1	424	544	96	40	511
0	1	384	544	40	40	1024
0	1	328	544	40	40	1023
0	1	256	576	96	16	512
0	1	400	576	96	16	512
0	1	368	544	16	32	1025
0	1	368	456	16	24	868
0	1	368	448	16	8	867
0	1	384	448	8	32	866
0	1	360	448	8	32	865
12	1	256	384	240	16	custom_obstacle_7	1	1	1	1
12	1	240	392	16	40	custom_obstacle_8	1	1	1	1
12	1	216	440	16	40	custom_obstacle_9	1	1	1	1
12	1	192	488	16	40	custom_obstacle_10	1	1	1	1
12	1	216	536	16	40	custom_obstacle_11	1	1	1	1
12	1	240	584	16	40	custom_obstacle_12	1	1	1	1
12	1	496	392	16	40	custom_obstacle_13	1	1	1	1
12	1	520	440	16	40	custom_obstacle_14	1	1	1	1
12	1	544	488	16	40	custom_obstacle_15	1	1	1	1
12	1	520	536	16	40	custom_obstacle_16	1	1	1	1
12	1	496	584	16	40	custom_obstacle_17	1	1	1	1
12	1	232	432	16	16	custom_obstacle_18	1	1	1	1
12	1	208	480	16	16	custom_obstacle_19	1	1	1	1
12	1	200	528	16	16	custom_obstacle_20	1	1	1	1
12	1	224	576	16	16	custom_obstacle_21	1	1	1	1
12	1	504	432	16	16	custom_obstacle_22	1	1	1	1
12	1	528	480	16	16	custom_obstacle_23	1	1	1	1
12	1	536	528	16	16	custom_obstacle_24	1	1	1	1
12	1	512	576	16	16	custom_obstacle_25	1	1	1	1
12	1	256	624	96	16	custom_obstacle_26	1	1	1	1
12	1	400	624	96	16	custom_obstacle_27	1	1	1	1
12	1	352	584	16	40	custom_obstacle_28	1	1	1	1
12	1	384	584	16	40	custom_obstacle_29	1	1	1	1
12	1	360	576	32	16	custom_obstacle_30	1	1	1	1
2	1	296	536	16	16	teletransporter_3	0	1	54	from_above_tree_hole
1	1	376	477	from_dungeon_3_5F	3	0
2	1	368	464	16	16	teletransporter_4	0	1	54	from_above_tree
19	1	368	464	stairs	1	3
3	1	448	549	piece_of_heart	1	922
0	2	880	960	48	40	511
0	2	1072	128	48	40	511
0	2	600	336	48	40	511
0	2	624	384	48	40	511
0	2	648	432	96	40	511
0	2	648	528	96	40	511
0	2	672	480	48	40	511
0	2	912	232	48	40	511
0	2	912	216	48	16	512
0	2	904	224	8	40	513
0	2	960	224	8	40	514
0	2	-8	304	48	16	512
0	2	-8	320	48	40	511
0	2	40	312	8	40	514
0	2	40	696	8	40	513
0	2	48	688	288	16	512
0	2	336	696	8	40	514
0	2	48	704	288	40	511
0	2	368	696	8	40	513
0	2	376	704	240	40	511
0	2	616	696	8	40	514
0	2	376	688	240	16	512
0	2	600	320	48	16	512
0	2	648	328	8	40	514
0	2	624	368	48	16	512
0	2	672	376	8	40	514
0	2	648	416	96	16	512
0	2	744	424	8	40	514
0	2	672	464	48	16	512
0	2	648	512	96	16	512
0	2	672	560	48	16	512
0	2	720	472	8	40	514
0	2	744	520	8	40	514
0	2	720	568	8	40	514
0	2	592	328	8	40	513
0	2	616	376	8	40	513
0	2	640	424	8	40	513
0	2	664	472	8	40	513
0	2	640	520	8	40	513
0	2	664	568	8	40	513
0	2	672	576	48	40	511
0	2	904	-16	240	40	511
0	2	896	-24	8	40	513
0	2	1072	16	48	16	512
0	2	1072	32	48	40	511
0	2	1048	64	96	16	512
0	2	1048	80	96	40	511
0	2	1072	112	48	16	512
0	2	1064	24	8	40	513
0	2	1040	72	8	40	513
0	2	1064	120	8	40	513
0	2	616	-16	240	40	511
0	2	640	16	192	16	512
0	2	640	32	192	40	511
0	2	632	24	8	40	513
0	2	608	-24	8	40	513
0	2	832	24	8	40	514
0	2	856	-24	8	40	514
0	2	888	504	48	16	512
0	2	888	520	48	40	511
0	2	936	512	8	40	514
0	2	880	512	8	40	513
0	2	856	896	48	16	512
0	2	856	912	48	40	511
0	2	904	904	8	40	514
0	2	928	952	8	40	514
0	2	880	944	48	16	512
0	2	904	992	48	16	512
0	2	848	904	8	40	513
0	2	872	952	8	40	513
0	2	896	1000	8	40	513
0	2	952	1000	8	40	514
0	2	712	912	96	16	512
0	2	712	928	96	40	511
0	2	640	960	192	16	512
0	2	808	920	8	40	514
0	2	832	968	8	40	514
0	2	704	920	8	40	513
0	2	632	968	8	40	513
0	2	640	976	192	40	511
0	2	1096	160	48	16	512
0	2	1088	168	8	40	513
0	2	1096	176	48	40	511
0	2	912	112	48	32	911
