480	480	9	0	0	0	285	15	none
0	0	64	64	352	352	303
0	0	0	0	480	480	660
0	0	128	128	224	224	537
0	0	320	320	96	96	537
0	0	64	320	96	96	537
0	0	320	64	96	96	537
0	0	64	64	96	96	537
0	0	40	128	24	224	235
0	0	64	160	16	160	260
0	0	128	40	224	24	232
0	0	48	112	16	16	647
0	0	64	96	16	16	647
0	0	80	80	16	16	647
0	0	96	64	16	16	647
0	0	112	48	16	16	647
0	0	64	112	16	16	648
0	0	80	96	16	16	648
0	0	96	80	16	16	648
0	0	112	64	16	16	648
0	0	104	72	16	16	648
0	0	88	88	16	16	648
0	0	72	104	16	16	648
0	0	128	64	32	8	311
0	0	64	128	8	32	313
0	0	352	48	16	16	640
0	0	368	64	16	16	640
0	0	384	80	16	16	640
0	0	400	96	16	16	640
0	0	416	112	16	16	640
0	0	352	64	16	16	639
0	0	360	72	16	16	639
0	0	368	80	16	16	639
0	0	376	88	16	16	639
0	0	392	104	16	16	639
0	0	400	112	16	16	639
0	0	384	96	16	16	639
0	0	320	64	32	8	311
0	0	416	128	24	224	233
0	0	128	416	224	24	234
0	0	352	416	16	16	656
0	0	368	400	16	16	656
0	0	384	384	16	16	656
0	0	400	368	16	16	656
0	0	416	352	16	16	656
0	0	352	400	16	16	655
0	0	360	392	16	16	655
0	0	368	384	16	16	655
0	0	376	376	16	16	655
0	0	384	368	16	16	655
0	0	392	360	16	16	655
0	0	400	352	16	16	655
0	0	128	408	32	8	312
0	0	320	408	32	8	312
0	0	48	352	16	16	652
0	0	64	368	16	16	652
0	0	80	384	16	16	652
0	0	96	400	16	16	652
0	0	112	416	16	16	652
0	0	64	320	8	32	313
0	0	64	352	16	16	653
0	0	72	360	16	16	653
0	0	80	368	16	16	653
0	0	88	376	16	16	653
0	0	96	384	16	16	653
0	0	104	392	16	16	653
0	0	112	400	16	16	653
0	0	160	400	160	16	262
0	0	408	128	8	32	314
0	0	408	320	8	32	314
0	0	400	160	16	160	261
0	0	160	64	160	16	259
0	0	64	160	56	8	247
0	0	360	160	56	8	247
0	0	168	352	144	8	247
0	0	120	168	8	144	250
0	0	312	64	8	56	250
0	0	312	360	8	56	250
0	0	64	312	56	8	249
0	0	360	312	56	8	249
0	0	168	120	144	8	249
0	0	160	64	8	56	248
0	0	352	168	8	144	248
0	0	160	360	8	56	248
0	0	160	352	8	8	243
0	0	312	352	8	8	244
0	0	160	120	8	8	246
0	0	352	312	8	8	246
0	0	120	160	8	8	244
0	0	120	312	8	8	245
0	0	312	120	8	8	245
0	0	352	160	8	8	243
0	0	72	224	16	32	537
0	0	88	256	8	8	253
0	0	64	256	24	8	247
0	0	64	216	24	8	249
0	0	88	216	8	8	252
0	0	88	224	8	32	248
0	0	64	224	8	32	313
0	0	224	392	32	16	537
0	0	224	408	32	8	312
0	0	392	224	16	32	537
0	0	408	224	8	32	314
0	0	392	216	24	8	249
0	0	384	216	8	8	251
0	0	384	224	8	32	250
0	0	384	256	8	8	254
0	0	392	256	24	8	247
0	0	224	72	32	16	537
0	0	224	64	32	8	311
0	0	256	392	8	24	248
0	0	224	384	32	8	249
0	0	216	392	8	24	250
0	0	216	384	8	8	251
0	0	256	384	8	8	252
0	0	256	64	8	24	248
0	0	216	64	8	24	250
0	0	224	88	32	8	247
0	0	256	88	8	8	253
0	0	216	88	8	8	254
10	0	160	352	160	64	floor_down_1	537	1
10	0	160	64	160	64	floor_up_1	537	1
10	0	352	160	64	160	floor_right_1	537	1
10	0	64	160	64	160	floor_left_1	537	1
1	0	240	269	from_6f	1	0
8	0	216	157	child_1	3	1	npc/solarus_child1	map
8	0	320	173	child_2	3	1	npc/solarus_child2	map
8	0	272	157	child_3	3	1	npc/solarus_child3	map
8	0	168	173	child_4	3	1	npc/solarus_child4	map
8	0	336	221	child_5	3	1	npc/solarus_child1	map
8	0	152	221	child_6	3	1	npc/solarus_child2	map
8	0	160	277	child_7	3	1	npc/solarus_child3	map
8	0	328	277	child_8	3	1	npc/solarus_child4	map
8	0	240	221	zelda	3	1	npc/zelda	map
7	0	240	189	boss	3	ganon	2	881	_none	1	-1
1	0	240	261	from_boss	1	0
8	0	120	125	torch_1	3	0	entities/torch	map
8	0	360	125	torch_2	3	0	entities/torch	map
8	0	360	365	torch_3	3	0	entities/torch	map
8	0	120	365	torch_4	3	0	entities/torch	map
11	0	392	232	switch_1	3	0	0
11	0	232	392	switch_2	3	0	0
11	0	72	232	switch_3	3	0	0
11	0	232	72	switch_4	3	0	0
10	0	64	160	8	160	floor_left_2	313	1
10	0	408	160	8	160	floor_right_2	314	1
10	0	160	64	160	8	floor_up_2	311	1
10	0	160	408	160	8	floor_down_2	312	1
4	0	200	269	4	_random	1	-1
4	0	288	269	4	_random	1	-1
0	1	128	16	224	24	49
0	1	16	128	24	224	51
0	1	32	112	16	16	645
0	1	48	96	16	16	645
0	1	64	80	16	16	645
0	1	80	64	16	16	645
0	1	96	48	16	16	645
0	1	112	32	16	16	645
0	1	352	32	16	16	642
0	1	368	48	16	16	642
0	1	384	64	16	16	642
0	1	400	80	16	16	642
0	1	416	96	16	16	642
0	1	432	112	16	16	642
0	1	440	128	24	224	50
0	1	128	440	224	24	52
0	1	352	432	16	16	658
0	1	368	416	16	16	658
0	1	384	400	16	16	658
0	1	400	384	16	16	658
0	1	416	368	16	16	658
0	1	432	352	16	16	658
0	1	32	352	16	16	650
0	1	48	368	16	16	650
0	1	64	384	16	16	650
0	1	80	400	16	16	650
0	1	96	416	16	16	650
0	1	112	432	16	16	650
0	1	160	16	32	24	345
0	1	288	16	32	24	345
0	1	160	440	32	24	405
0	1	288	440	32	24	405
0	1	16	304	32	16	344
0	1	16	160	32	16	344
0	1	432	160	32	16	343
0	1	432	304	32	16	343
0	2	80	48	16	16	644
0	2	64	64	16	16	644
0	2	48	80	16	16	644
0	2	32	96	16	16	644
0	2	16	112	16	16	644
0	2	96	32	16	16	644
0	2	112	16	16	16	644
0	2	352	16	16	16	643
0	2	368	32	16	16	643
0	2	384	48	16	16	643
0	2	400	64	16	16	643
0	2	416	80	16	16	643
0	2	432	96	16	16	643
0	2	448	112	16	16	643
0	2	448	352	16	16	659
0	2	432	368	16	16	659
0	2	416	384	16	16	659
0	2	400	400	16	16	659
0	2	384	416	16	16	659
0	2	368	432	16	16	659
0	2	352	448	16	16	659
0	2	16	352	16	16	649
0	2	32	368	16	16	649
0	2	48	384	16	16	649
0	2	64	400	16	16	649
0	2	80	416	16	16	649
0	2	96	432	16	16	649
0	2	112	448	16	16	649
0	2	16	96	16	16	170
0	2	48	64	16	16	170
0	2	80	32	16	16	170
0	2	80	16	32	16	170
0	2	48	16	32	48	170
0	2	16	16	32	80	170
0	2	16	368	16	16	170
0	2	16	384	32	16	170
0	2	96	448	16	16	170
0	2	64	432	32	32	170
0	2	64	416	16	16	170
0	2	16	400	48	16	170
0	2	16	416	48	48	170
0	2	368	448	16	16	170
0	2	400	416	16	16	170
0	2	448	368	16	16	170
0	2	432	384	32	16	170
0	2	416	400	48	32	170
0	2	384	432	80	32	170
0	2	368	16	16	16	170
0	2	400	48	16	16	170
0	2	432	80	16	16	170
0	2	448	80	16	32	170
0	2	416	48	48	32	170
0	2	384	16	80	32	170
0	2	0	0	480	16	170
0	2	464	16	16	448	170
0	2	16	464	464	16	170
0	2	0	16	16	464	170
