688	616	-1	1	1664	1504	-1	3	great_fairy.spc
0	0	504	376	112	8	216
0	0	504	384	112	48	3
0	0	528	376	64	40	385
0	0	472	352	24	24	57
0	0	624	352	24	24	58
0	0	624	440	24	24	60
0	0	472	440	24	24	59
0	0	496	440	128	24	226
0	0	624	376	24	64	225
0	0	472	376	24	64	227
0	0	496	352	128	24	224
0	0	616	376	8	8	213
0	0	496	376	8	8	212
0	0	496	432	8	8	214
0	0	616	432	8	8	215
0	0	504	432	112	8	217
0	0	496	384	8	48	218
0	0	616	384	8	48	219
0	0	568	432	8	24	277
0	0	552	432	16	24	276
0	0	544	432	8	24	275
0	0	520	416	80	8	407
0	0	592	376	8	40	407
0	0	520	376	8	40	407
19	0	552	440	stairs	3	4
5	0	552	384	chest	0	stone_key	1	192
0	1	472	464	176	112	2
0	1	408	32	24	544	50
0	1	16	32	24	544	51
0	1	48	48	352	544	2
0	1	152	296	136	8	70
0	1	16	16	24	24	45
0	1	40	16	368	24	49
0	1	40	40	8	8	14
0	1	48	40	352	8	179
0	1	40	48	8	544	181
0	1	240	72	48	48	345
0	1	240	72	8	8	328
0	1	280	72	8	8	331
0	1	280	112	8	8	330
0	1	240	112	8	8	329
0	1	240	80	8	32	333
0	1	248	112	32	8	334
0	1	248	72	32	8	332
0	1	280	80	8	32	335
0	1	312	88	8	8	69
0	1	312	112	8	8	69
0	1	320	88	16	8	70
0	1	336	96	8	80	71
0	1	312	120	8	16	71
0	1	312	136	8	8	69
0	1	192	128	8	8	69
0	1	200	128	16	8	70
0	1	256	136	56	8	70
0	1	336	176	8	8	69
0	1	296	160	8	8	69
0	1	288	160	8	8	69
0	1	264	176	8	8	69
0	1	248	176	8	8	69
0	1	264	240	8	8	69
0	1	288	200	8	8	69
0	1	368	200	8	8	69
0	1	368	240	8	8	69
0	1	352	240	8	8	69
0	1	352	304	8	8	69
0	1	312	304	8	8	69
0	1	312	288	8	8	69
0	1	256	176	8	8	70
0	1	296	200	72	8	70
0	1	368	208	8	32	71
0	1	352	248	8	56	71
0	1	312	296	8	8	71
0	1	320	304	32	8	70
0	1	248	144	8	32	71
0	1	288	168	8	32	71
0	1	264	184	8	56	71
0	1	328	264	8	8	69
0	1	288	264	8	8	69
0	1	272	240	32	8	70
0	1	296	264	32	8	70
0	1	328	232	8	32	71
0	1	360	240	8	8	70
0	1	304	176	32	8	70
0	1	304	240	8	8	69
0	1	304	224	8	8	69
0	1	328	224	8	8	69
0	1	304	232	8	8	71
0	1	312	224	16	8	70
0	1	296	288	16	8	70
0	1	288	288	8	8	69
0	1	296	176	8	8	69
0	1	296	168	8	8	71
0	1	288	240	8	8	69
0	1	336	200	8	8	69
0	1	336	184	8	16	71
0	1	288	248	8	16	71
0	1	288	176	8	8	69
0	1	336	88	8	8	69
0	1	16	576	24	24	47
0	1	40	576	368	24	52
0	1	40	568	8	8	16
0	1	48	568	352	8	180
0	1	408	576	24	24	48
0	1	408	16	24	24	46
0	1	400	40	8	8	15
0	1	400	48	8	528	182
0	1	400	568	8	8	17
0	1	360	568	16	24	379
0	1	376	576	8	16	378
0	1	352	576	8	16	377
0	1	376	568	8	8	183
0	1	352	568	8	8	184
0	1	360	592	16	32	2
0	1	352	600	8	16	71
0	1	376	600	8	16	71
0	1	360	616	16	8	70
0	1	216	112	8	8	69
0	1	232	88	8	8	69
0	1	200	88	32	8	70
0	1	192	104	8	8	69
0	1	192	88	8	8	69
0	1	192	96	8	8	71
0	1	232	112	8	8	69
0	1	224	112	8	8	70
0	1	56	104	136	8	70
0	1	96	368	8	8	69
0	1	96	320	8	8	69
0	1	144	320	8	8	69
0	1	144	272	8	8	69
0	1	96	272	8	8	69
0	1	120	272	8	8	69
0	1	120	296	8	8	69
0	1	96	296	8	8	69
0	1	104	272	16	8	70
0	1	104	296	16	8	70
0	1	96	280	8	16	71
0	1	120	280	8	16	71
0	1	40	272	8	8	69
0	1	72	272	8	8	69
0	1	72	296	8	8	69
0	1	40	296	8	8	69
0	1	48	272	24	8	70
0	1	48	296	24	8	70
0	1	40	280	8	16	71
0	1	72	280	8	16	71
0	1	64	224	8	8	69
0	1	80	192	8	8	69
0	1	104	248	8	8	69
0	1	64	248	8	8	69
0	1	72	224	8	8	70
0	1	72	248	32	8	70
0	1	64	232	8	16	71
0	1	80	200	8	24	71
0	1	72	320	8	8	69
0	1	72	344	8	8	69
0	1	96	328	8	40	71
0	1	104	320	16	8	70
0	1	144	304	8	16	71
0	1	72	328	8	16	71
0	1	48	368	48	8	70
0	1	40	368	8	8	69
0	1	104	192	8	8	69
0	1	104	200	8	48	71
0	1	80	224	8	8	69
0	1	88	192	16	8	70
0	1	40	184	8	8	69
0	1	56	184	8	8	69
0	1	56	120	8	8	69
0	1	40	120	8	8	69
0	1	56	104	8	8	69
0	1	56	168	8	16	71
0	1	56	160	8	8	69
0	1	40	160	8	8	69
0	1	48	120	8	8	70
0	1	48	160	8	8	70
0	1	48	184	8	8	70
0	1	40	168	8	16	71
0	1	56	112	8	8	71
0	1	80	144	8	8	69
0	1	80	168	8	8	69
0	1	128	232	8	8	69
0	1	128	208	8	8	69
0	1	144	208	16	8	69
0	1	144	168	16	8	69
0	1	144	176	16	32	71
0	1	80	152	8	16	71
0	1	88	144	16	8	70
0	1	88	168	56	8	70
0	1	136	208	8	8	70
0	1	136	232	32	8	70
0	1	128	216	8	16	71
0	1	104	144	8	8	69
0	1	104	168	8	8	69
0	1	104	152	8	16	71
0	1	176	168	8	8	69
0	1	176	144	8	8	69
0	1	200	152	8	8	69
0	1	200	168	8	8	69
0	1	184	144	8	8	70
0	1	184	168	16	8	70
0	1	176	152	8	16	71
0	1	200	160	8	8	71
0	1	208	152	8	8	70
0	1	240	184	8	8	69
0	1	256	184	8	8	69
0	1	256	248	8	8	69
0	1	280	248	8	8	69
0	1	248	184	8	8	70
0	1	264	248	16	8	70
0	1	256	192	8	56	71
0	1	240	144	8	40	71
0	1	216	152	8	8	69
0	1	216	120	8	32	71
0	1	216	128	8	8	69
0	1	168	208	8	8	69
0	1	168	232	8	8	69
0	1	160	208	8	8	70
0	1	168	216	8	16	71
0	1	192	272	8	8	69
0	1	192	256	8	8	69
0	1	216	272	8	8	69
0	1	248	272	8	8	69
0	1	152	272	40	8	70
0	1	200	256	16	8	70
0	1	224	272	24	8	70
0	1	192	264	8	8	71
0	1	216	240	8	32	71
0	1	144	256	8	8	69
0	1	152	256	8	8	69
0	1	152	272	8	8	69
0	1	144	264	16	8	71
0	1	192	192	8	8	69
0	1	192	216	8	8	69
0	1	208	224	8	8	69
0	1	216	232	8	8	69
0	1	232	232	8	8	69
0	1	232	224	8	8	69
0	1	192	200	8	16	71
0	1	200	192	8	8	69
0	1	200	216	8	8	69
0	1	200	200	8	16	71
0	1	208	256	16	8	69
0	1	208	232	8	24	71
0	1	216	224	16	8	70
0	1	224	232	8	8	70
0	1	200	272	16	8	70
0	1	192	136	8	8	71
0	1	192	144	8	8	69
0	1	280	136	8	8	69
0	1	280	120	8	8	69
0	1	280	128	8	8	71
0	1	240	136	16	8	69
0	1	144	296	8	8	69
0	1	288	296	8	8	69
0	1	120	320	8	8	69
0	1	120	344	8	8	69
0	1	128	344	32	8	70
0	1	144	368	16	24	368
0	1	160	368	8	24	366
0	1	136	368	8	24	365
0	1	136	392	32	8	367
0	1	40	552	8	8	69
0	1	88	552	8	8	69
0	1	88	568	8	8	69
0	1	128	568	8	8	69
0	1	48	552	40	8	70
0	1	88	560	8	8	71
0	1	40	512	8	8	69
0	1	56	512	8	8	69
0	1	96	464	8	8	69
0	1	120	464	8	8	69
0	1	120	400	8	8	69
0	1	160	400	8	8	69
0	1	160	416	8	8	69
0	1	224	416	8	8	69
0	1	208	464	8	8	69
0	1	232	464	8	8	69
0	1	240	504	8	8	69
0	1	224	504	8	8	69
0	1	224	528	8	8	69
0	1	264	528	8	8	69
0	1	264	512	8	8	69
0	1	280	512	8	8	69
0	1	280	496	8	8	69
0	1	296	496	8	8	69
0	1	296	480	8	8	69
0	1	312	480	8	8	69
0	1	312	464	8	8	69
0	1	328	464	8	8	69
0	1	328	360	8	8	69
0	1	304	360	8	8	69
0	1	304	400	8	8	69
0	1	320	400	8	8	69
0	1	320	440	8	8	69
0	1	272	440	8	8	69
0	1	272	456	8	8	69
0	1	232	456	8	8	69
0	1	232	392	8	8	69
0	1	224	392	8	8	69
0	1	224	408	8	8	69
0	1	184	408	8	8	69
0	1	184	344	8	8	69
0	1	224	320	8	8	69
0	1	224	360	8	8	69
0	1	208	360	8	8	69
0	1	208	368	8	8	69
0	1	272	368	8	8	69
0	1	272	408	8	8	69
0	1	256	408	8	8	69
0	1	256	416	8	8	69
0	1	280	416	8	8	69
0	1	280	320	8	8	69
0	1	320	320	8	8	69
0	1	320	336	8	8	69
0	1	368	336	8	8	69
0	1	368	376	8	8	69
0	1	352	376	8	8	69
0	1	352	520	8	8	69
0	1	336	520	8	8	69
0	1	336	536	8	8	69
0	1	320	536	8	8	69
0	1	320	552	8	8	69
0	1	304	552	8	8	69
0	1	304	568	8	8	69
0	1	184	568	8	8	69
0	1	184	536	8	8	69
0	1	128	536	8	8	69
0	1	80	528	16	8	69
0	1	160	488	8	8	69
0	1	160	448	8	8	69
0	1	144	448	8	8	69
0	1	144	440	8	8	69
0	1	184	440	8	8	69
0	1	184	504	8	8	69
0	1	200	504	8	8	69
0	1	200	512	8	8	69
0	1	128	544	8	24	71
0	1	80	512	16	16	71
0	1	56	416	8	96	71
0	1	120	408	8	56	71
0	1	160	408	8	8	71
0	1	184	448	8	56	71
0	1	160	456	8	32	71
0	1	184	544	8	24	71
0	1	304	560	8	8	71
0	1	320	544	8	8	71
0	1	336	528	8	8	71
0	1	352	384	8	136	71
0	1	312	472	8	8	71
0	1	296	488	8	8	71
0	1	280	504	8	8	71
0	1	264	520	8	8	71
0	1	224	512	8	16	71
0	1	240	496	8	8	71
0	1	224	424	8	32	71
0	1	224	400	8	8	71
0	1	184	352	8	56	71
0	1	224	328	8	32	71
0	1	280	328	8	88	71
0	1	272	376	8	32	71
0	1	320	328	8	8	71
0	1	368	344	8	32	71
0	1	328	368	8	96	71
0	1	320	408	8	32	71
0	1	304	368	8	32	71
0	1	48	512	8	8	70
0	1	88	464	8	8	70
0	1	104	488	56	8	70
0	1	152	440	32	8	70
0	1	152	448	8	8	70
0	1	192	504	8	8	70
0	1	136	536	48	8	70
0	1	96	512	104	8	70
0	1	232	504	8	8	70
0	1	232	528	32	8	70
0	1	272	512	8	8	70
0	1	288	496	8	8	70
0	1	304	480	8	8	70
0	1	320	464	8	8	70
0	1	240	456	8	8	70
0	1	216	464	16	8	70
0	1	192	416	32	8	70
0	1	192	408	32	8	70
0	1	264	408	8	8	70
0	1	264	416	16	8	70
0	1	312	400	8	8	70
0	1	312	360	16	8	70
0	1	328	336	40	8	70
0	1	288	320	32	8	70
0	1	152	320	72	8	70
0	1	216	360	8	8	70
0	1	216	368	56	8	70
0	1	344	520	8	8	70
0	1	328	536	8	8	70
0	1	312	552	8	8	70
0	1	232	400	8	56	71
0	1	272	448	8	8	71
0	1	280	440	40	8	70
0	1	360	376	8	8	70
0	1	128	400	32	8	70
0	1	160	344	8	8	69
0	1	184	416	8	8	69
0	1	224	456	8	8	69
0	1	208	456	8	8	69
0	1	216	456	8	8	70
0	1	120	376	8	24	71
0	1	120	368	8	8	69
0	1	80	464	8	8	69
0	1	80	392	8	8	69
0	1	40	408	8	8	69
0	1	56	408	8	8	69
0	1	48	408	8	8	70
0	1	88	392	8	8	70
0	1	80	400	8	64	71
0	1	96	392	8	8	69
0	1	96	488	8	8	69
0	1	96	512	8	8	69
0	1	80	504	16	8	69
0	1	96	496	8	16	71
0	1	208	552	8	8	69
0	1	264	552	8	8	69
0	1	216	552	48	8	70
0	1	240	488	8	8	69
0	1	272	488	8	8	69
0	1	248	488	24	8	70
0	1	248	456	8	8	69
0	1	128	128	16	16	369
0	1	448	576	24	24	47
0	1	648	576	24	24	48
0	1	472	576	176	24	52
0	1	568	576	8	16	378
0	1	544	576	8	16	377
0	1	552	592	16	32	2
0	1	544	600	8	16	71
0	1	568	600	8	16	71
0	1	552	616	16	8	70
0	1	448	352	24	224	51
0	1	448	328	24	24	45
0	1	472	328	176	24	49
0	1	648	328	24	24	46
0	1	648	352	24	224	50
0	1	472	464	8	112	181
0	1	640	464	8	112	182
0	1	472	568	176	8	180
0	1	472	568	8	8	16
0	1	640	568	8	8	17
0	1	552	568	16	24	379
0	1	568	568	8	8	183
0	1	544	568	8	8	184
0	1	544	456	32	8	355
0	1	496	464	8	8	69
0	1	472	464	8	8	69
0	1	480	464	16	8	70
0	1	640	464	8	8	69
0	1	616	464	8	8	69
0	1	624	464	16	8	70
0	1	496	496	16	16	283
0	1	504	544	16	16	283
0	1	608	496	16	16	283
0	1	600	544	16	16	283
3	1	56	61	piece_of_heart	1	191
17	1	104	125	6
17	1	120	125	6
17	1	88	125	6
17	1	168	125	6
17	1	184	125	6
9	1	296	285	block	-1	0	2
17	1	280	285	2
1	1	368	589	from_outside_w	1	0
2	1	360	600	16	16	teletransporter	0	1	7	from_fairy_cave_w
17	1	152	125	6
9	1	136	253	block_2	-1	0	2
9	1	88	285	block_3	-1	0	2
9	1	72	317	block_4	-1	0	2
17	1	136	341	0
9	1	200	469	block_5	-1	0	2
1	1	560	589	from_outside_e	1	0
2	1	552	600	16	16	teletransporter_3	0	1	7	from_fairy_cave_e
12	1	544	456	8	8	custom_obstacle	1	1	1	1
12	1	568	456	8	8	custom_obstacle_2	1	1	1	1
6	1	504	456	40	8	jumper	2	40
6	1	576	456	40	8	jumper_2	2	40
2	1	240	72	48	48	teletransporter_2	0	1	81	from_2f_hole
1	1	152	381	from_1f	1	0
2	1	144	368	16	16	teletransporter_4	0	1	77	from_2f
19	1	144	368	stairs_2	3	3
0	2	320	592	96	8	412
0	2	0	0	688	16	170
0	2	0	16	16	584	170
0	2	0	600	688	16	170
0	2	432	16	16	584	170
0	2	352	592	32	8	400
0	2	512	592	96	8	412
0	2	544	592	32	8	400
0	2	672	16	16	584	170
0	2	448	16	224	312	170
0	2	496	480	16	16	284
0	2	504	528	16	16	284
0	2	608	480	16	16	284
0	2	600	528	16	16	284
