1032	1032	10	0	0	0	295	4	castle.spc
0	0	248	800	48	176	3
0	0	232	816	24	112	235
0	0	112	912	128	24	232
0	0	64	936	192	32	3
0	0	400	896	48	64	3
0	0	440	904	8	64	314
0	0	400	904	8	64	313
0	0	400	864	48	40	303
0	0	464	480	416	24	234
0	0	584	824	32	8	311
0	0	736	832	224	128	3
0	0	416	448	480	32	3
0	0	896	448	64	256	3
0	0	904	704	64	8	312
0	0	696	624	24	96	235
0	0	872	528	24	192	235
0	0	616	824	24	144	233
0	0	616	800	24	24	58
0	0	616	968	24	24	60
0	0	616	872	16	8	79
0	0	616	896	16	8	81
0	0	576	800	48	24	232
0	0	552	800	24	24	57
0	0	552	824	24	144	235
0	0	552	968	24	24	59
0	0	576	968	48	24	234
0	0	608	824	8	8	308
0	0	576	824	8	8	307
0	0	576	832	8	128	313
0	0	576	960	8	8	310
0	0	584	960	32	8	312
0	0	608	960	8	8	309
0	0	608	832	8	128	314
0	0	584	832	32	128	3
0	0	560	848	24	16	298
0	0	560	840	24	8	296
0	0	560	864	24	8	297
0	0	448	968	24	24	60
0	0	448	800	24	24	58
0	0	448	824	24	144	233
0	0	376	968	24	24	59
0	0	400	968	48	24	234
0	0	400	800	48	24	232
0	0	376	800	24	24	57
0	0	376	824	24	144	235
0	0	400	824	8	8	307
0	0	408	824	32	8	311
0	0	440	824	8	8	308
0	0	400	960	8	8	310
0	0	408	960	32	8	312
0	0	440	960	8	8	309
0	0	616	880	16	16	83
0	0	384	936	16	16	82
0	0	384	928	16	8	78
0	0	384	952	16	8	80
0	0	704	800	24	24	57
0	0	704	968	24	24	59
0	0	704	824	24	144	235
0	0	728	800	240	24	232
0	0	968	800	24	24	58
0	0	968	824	24	144	233
0	0	968	968	24	24	60
0	0	728	968	240	24	234
0	0	728	824	8	8	307
0	0	736	824	224	8	311
0	0	960	824	8	8	308
0	0	728	832	8	128	313
0	0	960	824	8	8	308
0	0	960	832	8	128	314
0	0	712	880	16	16	82
0	0	712	872	16	8	78
0	0	712	896	16	8	80
0	0	632	872	80	8	70
0	0	632	880	80	16	2
0	0	632	896	80	8	70
0	0	744	808	16	16	76
0	0	920	808	16	16	76
0	0	760	808	8	16	73
0	0	936	808	8	16	73
0	0	912	808	8	16	72
0	0	736	808	8	16	72
0	0	896	712	80	24	234
0	0	968	712	24	24	60
0	0	968	440	24	272	233
0	0	968	416	24	24	58
0	0	400	416	576	24	232
0	0	872	496	24	32	235
0	0	408	440	560	8	311
0	0	960	440	8	8	308
0	0	960	448	8	256	314
0	0	960	704	8	8	309
0	0	896	704	8	8	310
0	0	920	712	16	16	77
0	0	936	712	8	16	75
0	0	912	712	8	16	74
0	0	896	480	8	224	313
0	0	720	712	64	24	234
0	0	784	712	24	24	60
0	0	720	616	64	24	232
0	0	784	616	24	24	58
0	0	784	632	24	80	233
0	0	720	632	64	80	3
0	0	376	416	24	24	57
0	0	872	480	24	24	66
0	0	448	472	448	8	312
0	0	376	440	24	272	235
0	0	400	440	8	8	307
0	0	400	448	8	256	313
0	0	408	448	32	272	3
0	0	440	480	8	224	314
0	0	448	496	24	224	233
0	0	440	472	8	8	317
0	0	448	480	24	24	65
0	0	376	712	24	24	59
0	0	720	704	8	8	310
0	0	720	640	8	64	313
0	0	720	632	8	8	307
0	0	776	632	8	8	308
0	0	728	632	48	8	311
0	0	728	704	48	8	312
0	0	776	704	8	8	309
0	0	776	640	8	64	314
0	0	744	616	16	24	290
0	0	736	616	8	24	288
0	0	760	616	8	24	289
0	0	896	472	8	8	318
0	0	744	712	16	16	77
0	0	760	712	8	16	75
0	0	736	712	8	16	74
0	0	728	960	8	8	310
0	0	736	960	224	8	312
0	0	960	960	8	8	309
0	0	608	832	8	128	314
0	0	744	728	16	80	2
0	0	736	728	8	80	71
0	0	760	728	8	80	71
0	0	696	712	24	24	59
0	0	400	712	48	24	234
0	0	448	712	24	24	60
0	0	696	616	24	24	57
0	0	416	712	16	16	89
0	0	432	712	8	16	75
0	0	408	712	8	16	74
0	0	416	808	16	16	88
0	0	432	808	8	16	73
0	0	408	808	8	16	72
0	0	920	728	16	80	2
0	0	912	728	8	80	71
0	0	936	728	8	80	71
0	0	872	712	24	24	59
0	0	400	704	8	8	310
0	0	408	704	32	8	312
0	0	440	704	8	8	309
0	0	400	832	48	32	3
0	0	400	832	8	32	313
0	0	440	832	8	32	314
0	0	400	864	16	16	260
0	0	432	864	16	16	261
0	0	400	880	16	16	260
0	0	432	880	16	16	261
0	0	400	888	16	16	260
0	0	432	888	16	16	261
0	0	400	896	48	8	249
0	0	400	864	48	8	247
0	0	288	968	24	24	60
0	0	288	800	24	24	58
0	0	288	824	24	144	233
0	0	256	968	32	24	234
0	0	64	968	192	24	234
0	0	40	968	24	24	59
0	0	40	824	24	144	235
0	0	40	800	24	24	57
0	0	96	800	24	24	58
0	0	64	800	32	24	232
0	0	96	824	24	96	233
0	0	64	824	32	112	3
0	0	96	912	24	24	67
0	0	232	912	24	24	68
0	0	120	800	112	112	2
0	0	256	800	32	24	232
0	0	232	800	24	24	57
0	0	120	896	16	16	277
0	0	216	896	16	16	277
0	0	288	936	16	16	83
0	0	288	928	16	8	79
0	0	288	952	16	8	81
0	0	168	920	16	24	290
0	0	160	920	8	24	288
0	0	184	920	8	24	289
19	0	560	848	2	4
19	0	744	616	1	4
18	0	736	808	door	1	1	200
18	0	736	712	door_2	3	1	200
5	0	920	928	chest1	0	small_key	1	201
7	0	896	909	seroom_enemy_1	3	2	0	-1	_random	1	-1
7	0	896	861	seroom_enemy_2	2	2	0	-1	_random	1	-1
18	0	416	808	s_door_weak_2	1	5	0
18	0	416	712	s_door_weak_1	3	5	0
17	0	600	613	0
19	0	152	1040	1	4
10	0	136	912	80	24	so_stair_wall_1	232	1
10	0	144	936	64	16	so_stair_wall_2	3	1
11	0	120	952	so_switch_stair_1	1	0	0
0	1	472	608	224	128	2
0	1	480	512	320	96	2
0	1	704	856	8	64	321
0	1	632	840	8	96	322
0	1	376	992	272	24	52
0	1	312	800	24	192	50
0	1	352	776	24	24	45
0	1	376	776	272	24	49
0	1	640	776	24	24	46
0	1	640	992	24	24	48
0	1	352	992	24	24	47
0	1	352	800	24	192	51
0	1	496	1016	8	16	71
0	1	520	1016	8	16	71
0	1	40	992	272	24	52
0	1	16	776	24	24	45
0	1	40	776	272	24	49
0	1	312	776	24	24	46
0	1	312	992	24	24	48
0	1	16	992	24	24	47
0	1	16	800	24	192	51
0	1	704	992	288	24	52
0	1	680	776	24	24	45
0	1	704	776	288	24	49
0	1	992	776	24	24	46
0	1	992	800	24	192	50
0	1	992	992	24	24	48
0	1	680	992	24	24	47
0	1	680	800	24	192	51
0	1	160	784	8	16	72
0	1	184	784	8	16	73
0	1	168	784	16	16	189
0	1	640	904	16	8	81
0	1	640	880	16	8	79
0	1	640	800	24	192	50
0	1	552	840	8	32	295
0	1	504	992	16	16	337
0	1	472	800	80	192	2
0	1	472	808	8	176	71
0	1	544	880	8	104	71
0	1	544	808	8	24	71
0	1	544	832	8	8	69
0	1	544	800	8	8	69
0	1	544	872	8	8	69
0	1	472	800	8	8	69
0	1	480	800	64	8	179
0	1	480	984	64	8	236
0	1	472	984	8	8	69
0	1	544	984	8	8	69
0	1	496	968	32	24	334
0	1	488	960	40	8	327
0	1	528	960	8	32	327
0	1	488	968	8	24	327
0	1	496	992	8	16	335
0	1	520	992	8	16	336
0	1	496	816	32	32	329
0	1	504	1008	16	32	2
0	1	504	1032	16	8	70
0	1	632	872	8	32	161
0	1	704	872	8	32	160
0	1	736	608	32	8	287
0	1	376	736	432	24	52
0	1	720	800	64	8	325
0	1	720	728	64	8	326
0	1	688	608	8	8	69
0	1	696	608	32	8	70
0	1	728	608	8	8	69
0	1	768	608	8	8	69
0	1	776	608	24	8	70
0	1	800	608	8	8	69
0	1	688	616	8	8	71
0	1	688	624	8	8	69
0	1	688	712	8	8	69
0	1	688	720	8	8	71
0	1	688	728	8	8	69
0	1	480	728	208	8	236
0	1	800	512	8	96	237
0	1	480	504	320	8	70
0	1	512	520	32	32	329
0	1	512	664	32	32	329
0	1	472	512	8	216	71
0	1	472	728	8	8	69
0	1	472	504	8	8	69
0	1	800	504	8	8	69
0	1	808	520	24	224	50
0	1	824	504	32	24	52
0	1	848	520	24	224	51
0	1	848	736	24	24	47
0	1	872	736	128	24	52
0	1	992	736	24	24	48
0	1	992	576	24	160	50
0	1	992	480	24	96	50
0	1	992	416	24	64	50
0	1	376	392	624	24	49
0	1	352	392	24	24	45
0	1	352	416	24	320	51
0	1	352	736	24	24	47
0	1	808	736	24	24	48
0	1	992	392	24	24	46
0	1	848	504	24	24	54
0	1	808	504	24	24	53
0	1	912	800	32	8	326
0	1	912	800	32	8	325
0	1	912	728	32	8	326
0	1	120	880	16	16	278
0	1	216	880	16	16	278
0	1	160	912	32	8	287
1	1	512	1005	main_entrance	1	0
2	1	504	1016	16	16	to_outside_world	0	1	4	from_binbin_dungeon
12	1	552	840	32	8	custom_obstacle_7	1	1	1	1
12	1	552	864	32	8	custom_obstacle_8	1	1	1	1
12	1	736	608	8	32	custom_obstacle_2	1	1	1	1
12	1	760	608	8	32	custom_obstacle_3	1	1	1	1
6	1	696	632	8	80	jump_sensor	0	40
12	1	168	1032	8	32	custom_obstacle	1	1	1	1
12	1	144	1032	8	32	custom_obstacle_4	1	1	1	1
10	1	160	912	32	8	so_stair_wall_3	325	1
0	2	464	1008	96	8	324
0	2	128	776	96	8	323
0	2	352	848	8	96	319
0	2	328	848	8	96	320
0	2	680	848	8	96	319
0	2	656	848	8	96	320
0	2	344	760	352	16	170
0	2	664	776	16	240	170
0	2	0	760	344	16	170
0	2	0	1016	336	16	170
0	2	0	776	16	240	170
0	2	680	760	352	16	170
0	2	1016	776	16	240	170
0	2	160	776	32	8	152
0	2	168	776	16	8	271
0	2	376	928	8	32	160
0	2	1016	376	16	384	170
0	2	832	528	16	232	170
0	2	528	1016	8	8	170
0	2	336	1016	696	16	170
0	2	344	376	672	16	170
0	2	736	728	32	8	155
0	2	408	728	32	8	188
0	2	408	800	32	8	187
0	2	736	800	32	8	154
0	2	912	800	32	8	154
0	2	912	728	32	8	155
0	2	336	776	24	240	170
0	2	304	928	8	32	161
