1120	976	0	-100	0	624	-1	1	overworld.spc
0	0	200	672	392	72	275
0	0	280	736	16	8	978
0	0	208	416	176	88	953
0	0	144	216	304	200	953
0	0	240	320	32	80	936
0	0	320	320	32	80	937
0	0	112	200	32	224	936
0	0	128	416	64	56	918
0	0	384	432	32	80	937
0	0	176	432	32	80	936
0	0	1080	680	16	16	271
0	0	904	872	16	16	89
0	0	872	872	16	16	86
0	0	688	864	32	16	49
0	0	640	848	96	16	49
0	0	704	840	80	16	49
0	0	624	864	64	32	49
0	0	592	896	80	16	49
0	0	576	912	64	16	49
0	0	560	928	48	16	49
0	0	544	944	48	32	49
0	0	768	528	16	32	49
0	0	808	552	16	80	49
0	0	976	656	48	16	49
0	0	1000	648	48	16	49
0	0	824	584	16	16	49
0	0	824	408	16	80	49
0	0	840	456	16	16	49
0	0	1000	424	128	16	49
0	0	1112	392	16	32	49
0	0	1080	440	16	16	49
0	0	1064	520	16	112	49
0	0	1000	472	80	16	49
0	0	968	440	112	32	49
0	0	1000	488	64	160	49
0	0	984	600	16	64	49
0	0	960	624	32	32	49
0	0	840	408	160	48	49
0	0	808	392	16	112	49
0	0	736	368	16	48	49
0	0	752	352	48	80	49
0	0	776	376	32	240	49
0	0	696	648	80	16	49
0	0	712	664	64	16	49
0	0	720	672	48	16	49
0	0	664	568	16	16	49
0	0	664	616	144	32	49
0	0	648	584	48	48	49
0	0	616	440	16	32	49
0	0	632	424	32	176	49
0	0	608	336	512	16	177
0	0	752	336	48	16	314
0	0	608	-16	512	352	444
0	0	688	224	112	32	49
0	0	672	240	16	16	185
0	0	792	232	16	16	609
0	0	728	232	16	16	610
0	0	672	208	144	16	387
0	0	872	824	48	32	275
0	0	520	736	600	88	275
0	0	392	744	136	168	275
0	0	32	672	168	248	275
0	0	32	912	448	64	275
0	0	376	792	16	16	270
0	0	360	776	16	16	270
0	0	376	872	16	16	271
0	0	200	872	16	16	272
0	0	200	792	16	16	269
0	0	216	776	16	16	269
0	0	560	800	16	16	280
0	0	616	824	16	16	270
0	0	664	824	16	16	269
0	0	568	792	256	16	18
0	0	824	808	16	16	29
0	0	824	792	16	16	28
0	0	872	888	16	16	270
0	0	864	864	16	16	83
0	0	1064	856	16	16	270
0	0	904	888	16	16	269
0	0	920	840	16	16	280
0	0	664	696	16	16	271
0	0	616	696	16	16	272
0	0	72	576	40	96	275
0	0	480	528	96	144	275
0	0	32	144	40	528	275
0	0	520	144	56	240	275
0	0	72	80	448	72	275
0	0	520	488	16	16	271
0	0	216	632	16	16	271
0	0	168	632	16	16	272
0	0	88	520	16	16	272
0	0	80	160	16	16	280
0	0	72	152	16	16	30
0	0	504	152	16	16	28
0	0	576	-16	32	160	447
0	0	336	0	64	96	447
0	0	192	0	64	96	448
0	0	0	-16	32	160	448
0	0	32	-16	176	128	444
0	0	208	112	16	16	23
0	0	32	112	176	16	26
0	0	32	128	176	16	17
0	0	224	96	16	16	23
0	0	240	80	16	16	23
0	0	208	128	16	16	24
0	0	224	112	16	16	24
0	0	240	96	16	16	24
0	0	208	96	16	16	188
0	0	16	128	16	16	23
0	0	0	128	16	16	223
0	0	16	144	16	832	19
0	0	0	144	16	832	25
0	0	336	80	16	16	21
0	0	352	96	16	16	21
0	0	368	112	16	16	21
0	0	336	96	16	16	22
0	0	352	112	16	16	22
0	0	368	128	16	16	22
0	0	384	128	192	16	17
0	0	384	112	192	16	26
0	0	368	96	16	16	186
0	0	384	-16	192	128	444
0	0	576	128	16	16	21
0	0	592	128	16	16	224
0	0	576	144	16	272	20
0	0	592	144	16	272	27
0	0	560	384	16	16	28
0	0	544	384	16	16	29
0	0	528	368	16	16	29
0	0	544	368	16	16	28
0	0	528	192	16	176	19
0	0	512	176	16	16	29
0	0	496	160	16	16	29
0	0	528	176	16	16	28
0	0	512	160	16	16	28
0	0	88	152	416	16	18
0	0	64	160	16	16	30
0	0	48	176	16	16	30
0	0	64	176	16	16	280
0	0	104	168	384	8	277
0	0	80	176	16	16	90
0	0	496	176	16	16	83
0	0	96	176	400	8	119
0	0	96	184	400	8	266
0	0	96	192	400	8	260
0	0	64	192	16	336	27
0	0	80	192	8	336	130
0	0	88	192	8	336	274
0	0	48	192	16	352	20
0	0	64	528	16	16	278
0	0	64	544	16	16	21
0	0	80	560	16	16	21
0	0	96	576	16	16	21
0	0	112	592	16	16	21
0	0	48	544	16	16	22
0	0	64	560	16	16	22
0	0	80	576	16	16	22
0	0	96	592	16	16	22
0	0	80	544	16	16	186
0	0	96	560	16	16	186
0	0	112	576	16	16	186
0	0	80	528	16	16	185
0	0	96	544	16	16	185
0	0	112	560	16	16	185
0	0	96	528	16	16	272
0	0	112	544	16	16	272
0	0	128	560	16	16	272
0	0	120	552	16	16	272
0	0	104	536	16	16	272
0	0	112	608	16	48	20
0	0	128	592	16	16	224
0	0	128	608	16	32	27
0	0	128	640	16	16	278
0	0	128	576	16	16	185
0	0	144	592	8	48	130
0	0	152	592	8	8	285
0	0	152	632	8	8	287
0	0	152	600	8	32	466
0	0	144	576	16	16	272
0	0	136	568	16	16	272
0	0	144	640	16	16	185
0	0	128	656	16	16	21
0	0	144	672	16	16	21
0	0	112	656	16	16	22
0	0	128	672	16	16	22
0	0	144	688	16	16	22
0	0	144	656	16	16	186
0	0	160	672	272	16	26
0	0	160	688	272	16	17
0	0	160	656	272	16	192
0	0	160	648	272	8	194
0	0	160	632	16	8	259
0	0	160	640	16	8	265
0	0	176	640	8	8	283
0	0	184	640	32	8	464
0	0	216	640	8	8	284
0	0	432	632	8	8	288
0	0	432	600	8	32	462
0	0	440	592	8	48	125
0	0	432	592	8	8	286
0	0	432	656	16	16	188
0	0	432	672	16	16	23
0	0	448	656	16	16	23
0	0	432	688	16	16	24
0	0	448	672	16	16	24
0	0	464	656	16	16	24
0	0	448	640	16	16	276
0	0	448	608	16	32	25
0	0	448	592	16	16	223
0	0	464	608	16	48	19
0	0	464	592	16	16	23
0	0	480	576	16	16	23
0	0	496	560	16	16	23
0	0	512	544	16	16	23
0	0	528	528	16	16	23
0	0	544	512	16	16	23
0	0	480	592	16	16	24
0	0	496	576	16	16	24
0	0	512	560	16	16	24
0	0	528	544	16	16	24
0	0	544	528	16	16	24
0	0	560	512	16	16	24
0	0	592	704	16	16	278
0	0	560	400	16	16	19
0	0	544	400	16	16	25
0	0	544	496	16	16	276
0	0	528	384	16	16	83
0	0	536	400	8	16	125
0	0	528	512	16	16	188
0	0	512	528	16	16	188
0	0	496	544	16	16	188
0	0	480	560	16	16	188
0	0	464	576	16	16	188
0	0	448	576	16	16	187
0	0	464	560	16	16	187
0	0	480	544	16	16	187
0	0	496	528	16	16	187
0	0	512	512	16	16	187
0	0	528	496	16	16	187
0	0	512	496	16	16	271
0	0	496	512	16	16	271
0	0	504	504	16	16	271
0	0	480	528	16	16	271
0	0	464	544	16	16	271
0	0	448	560	16	16	271
0	0	456	552	16	16	271
0	0	472	536	16	16	271
0	0	488	520	16	16	271
0	0	440	568	16	16	271
0	0	432	576	16	16	271
0	0	512	192	16	176	25
0	0	512	368	16	16	83
0	0	496	192	8	176	273
0	0	504	192	8	176	125
0	0	496	368	16	16	270
0	0	512	384	16	16	270
0	0	504	376	16	16	270
0	0	528	400	8	16	273
0	0	608	352	16	16	272
0	0	608	368	8	48	130
0	0	616	368	8	48	274
0	0	608	704	16	16	185
0	0	624	704	8	8	283
0	0	632	704	32	8	464
0	0	664	704	8	8	284
0	0	592	720	16	16	21
0	0	608	736	16	16	21
0	0	576	720	16	16	22
0	0	592	736	16	16	22
0	0	608	752	16	16	22
0	0	608	720	16	16	186
0	0	672	696	400	8	259
0	0	672	704	400	8	265
0	0	624	712	448	8	194
0	0	624	736	448	16	26
0	0	624	752	448	16	17
0	0	1072	736	16	16	23
0	0	1088	720	16	16	23
0	0	1104	704	16	16	23
0	0	1072	752	16	16	24
0	0	1088	736	16	16	24
0	0	1104	720	16	16	24
0	0	1072	704	16	16	187
0	0	1088	688	16	16	187
0	0	1072	720	16	16	188
0	0	1088	704	16	16	188
0	0	1104	688	16	16	276
0	0	1104	656	16	16	223
0	0	1104	672	16	16	25
0	0	1096	656	8	32	125
0	0	1088	656	8	32	273
0	0	1104	640	16	16	187
0	0	1104	624	16	16	271
0	0	1088	640	16	16	271
0	0	1096	632	16	16	271
0	0	1072	688	16	16	271
0	0	1112	616	16	16	271
0	0	936	824	192	16	18
0	0	952	840	176	8	277
0	0	920	824	16	16	30
0	0	944	848	176	8	119
0	0	928	848	16	16	90
0	0	912	864	16	16	90
0	0	904	840	16	16	30
0	0	912	848	16	16	280
0	0	928	864	16	16	269
0	0	912	880	16	16	269
0	0	920	872	16	16	269
0	0	936	856	16	16	269
0	0	944	856	8	8	281
0	0	1072	856	48	8	266
0	0	1072	864	48	8	260
0	0	1064	856	8	8	282
0	0	952	856	8	8	460
0	0	880	896	32	8	260
0	0	880	888	32	8	266
0	0	888	856	16	16	18
0	0	888	872	16	8	277
0	0	880	880	32	8	119
0	0	904	856	16	16	280
0	0	864	880	16	16	270
0	0	856	872	16	16	270
0	0	848	864	16	16	270
0	0	840	856	16	16	270
0	0	832	848	16	16	270
0	0	824	840	16	16	270
0	0	816	832	16	16	270
0	0	808	824	16	16	270
0	0	808	824	8	8	282
0	0	872	856	16	16	29
0	0	856	840	16	16	29
0	0	840	824	16	16	29
0	0	872	840	16	16	28
0	0	856	824	16	16	28
0	0	840	808	16	16	28
0	0	856	856	16	16	83
0	0	840	840	16	16	83
0	0	824	824	16	16	83
0	0	576	816	240	8	119
0	0	584	808	224	8	277
0	0	816	816	16	16	83
0	0	624	832	48	8	260
0	0	672	824	8	8	281
0	0	616	824	8	8	282
0	0	624	824	48	8	266
0	0	680	824	8	8	460
0	0	584	824	32	8	460
0	0	568	824	16	16	269
0	0	560	832	16	16	269
0	0	552	840	16	16	269
0	0	544	848	16	16	269
0	0	536	856	16	16	269
0	0	528	864	16	16	269
0	0	520	872	16	16	269
0	0	576	824	8	8	281
0	0	520	880	8	96	274
0	0	512	880	8	96	130
0	0	496	880	16	96	27
0	0	480	880	16	96	20
0	0	496	864	16	16	280
0	0	512	848	16	16	280
0	0	528	832	16	16	280
0	0	544	816	16	16	280
0	0	560	816	16	16	90
0	0	544	832	16	16	90
0	0	528	848	16	16	90
0	0	512	864	16	16	90
0	0	480	864	16	16	30
0	0	496	848	16	16	30
0	0	512	832	16	16	30
0	0	528	816	16	16	30
0	0	552	792	16	16	30
0	0	544	800	16	16	30
0	0	160	800	16	96	20
0	0	176	784	16	16	280
0	0	192	768	16	16	280
0	0	208	752	16	16	280
0	0	160	784	16	16	30
0	0	176	768	16	16	30
0	0	192	752	16	16	30
0	0	200	744	16	16	30
0	0	176	800	16	80	27
0	0	176	880	16	16	278
0	0	176	896	16	16	21
0	0	192	912	16	16	21
0	0	208	928	16	16	21
0	0	160	896	16	16	22
0	0	176	912	16	16	22
0	0	192	928	16	16	22
0	0	208	944	16	16	22
0	0	224	944	144	16	17
0	0	224	928	144	16	26
0	0	224	912	144	16	192
0	0	208	912	16	16	186
0	0	192	896	16	16	186
0	0	192	880	16	16	185
0	0	208	896	16	16	185
0	0	192	784	16	16	90
0	0	208	768	16	16	90
0	0	192	800	8	80	130
0	0	200	800	8	16	274
0	0	200	864	8	16	274
0	0	200	824	8	32	466
0	0	200	816	8	8	285
0	0	200	856	8	8	287
0	0	208	784	16	16	269
0	0	224	776	8	8	281
0	0	208	880	16	16	272
0	0	224	904	144	8	194
0	0	224	888	144	8	259
0	0	224	896	144	8	265
0	0	368	880	16	16	271
0	0	368	896	16	16	187
0	0	384	880	16	16	187
0	0	368	912	16	16	188
0	0	384	896	16	16	188
0	0	368	928	16	16	23
0	0	384	912	16	16	23
0	0	400	896	16	16	23
0	0	368	944	16	16	24
0	0	384	928	16	16	24
0	0	400	912	16	16	24
0	0	416	896	16	16	24
0	0	416	800	16	96	19
0	0	400	880	16	16	276
0	0	400	800	16	80	25
0	0	392	800	8	80	125
0	0	384	800	8	80	273
0	0	400	784	16	16	29
0	0	384	768	16	16	29
0	0	384	784	16	16	83
0	0	368	768	16	16	83
0	0	368	784	16	16	270
0	0	360	776	8	8	282
0	0	232	776	8	8	460
0	0	224	768	144	8	119
0	0	232	760	128	8	277
0	0	216	744	160	16	18
0	0	376	760	16	16	29
0	0	376	744	16	16	28
0	0	392	760	16	16	28
0	0	400	768	16	16	28
0	0	416	784	16	16	28
0	0	272	808	48	8	720
0	0	256	784	80	8	720
0	0	256	792	8	8	720
0	0	328	792	8	8	720
0	0	336	800	8	8	720
0	0	248	800	8	8	720
0	0	240	800	8	64	720
0	0	344	800	8	64	720
0	0	336	856	8	8	720
0	0	248	856	8	8	720
0	0	256	864	8	8	720
0	0	328	864	8	8	720
0	0	256	872	80	8	720
0	0	264	816	8	32	720
0	0	320	816	8	32	720
0	0	272	848	48	8	720
0	0	248	808	16	48	722
0	0	328	808	16	48	722
0	0	264	856	64	16	722
0	0	264	792	64	16	722
0	0	320	800	16	16	722
0	0	320	848	16	16	722
0	0	256	848	16	16	722
0	0	256	800	16	16	722
0	0	752	320	32	8	489
0	0	672	248	16	24	566
0	0	688	264	112	16	567
0	0	760	328	16	24	398
0	0	776	328	8	24	397
0	0	752	328	8	24	396
0	0	688	248	112	8	194
0	0	760	200	16	24	398
0	0	776	200	8	24	397
0	0	752	200	8	24	396
0	0	752	192	32	8	489
0	0	672	224	16	16	610
0	0	688	232	48	8	614
0	0	736	240	8	8	613
0	0	792	240	8	8	443
0	0	800	224	16	16	609
0	0	688	240	48	8	265
0	0	800	240	16	16	187
0	0	800	248	16	24	568
0	0	432	640	16	16	187
0	0	808	336	192	40	502
0	0	808	376	192	16	505
0	0	864	392	32	8	523
0	0	912	392	32	8	523
0	0	960	392	32	8	523
0	0	1000	368	8	16	504
0	0	1016	352	48	40	502
0	0	1016	392	48	16	505
0	0	1064	384	8	16	504
0	0	1008	384	8	16	503
0	0	1024	408	32	8	523
0	0	1112	392	8	8	61
0	0	1112	384	8	8	53
0	0	1104	400	8	16	58
0	0	1104	416	8	8	61
0	0	792	352	8	24	57
0	0	792	376	8	8	59
0	0	800	392	8	8	59
0	0	808	392	8	8	60
0	0	816	400	8	8	59
0	0	824	408	8	8	59
0	0	832	408	24	8	60
0	0	864	400	120	8	60
0	0	856	408	8	8	61
0	0	984	408	8	8	59
0	0	992	416	8	8	59
0	0	1000	416	104	8	60
0	0	800	384	8	8	57
0	0	752	352	8	8	61
0	0	744	360	8	8	58
0	0	744	368	8	8	61
0	0	736	376	8	8	61
0	0	728	384	8	16	58
0	0	736	400	8	8	56
0	0	744	408	8	8	56
0	0	752	416	8	8	56
0	0	768	440	8	80	58
0	0	1104	440	16	8	55
0	0	1096	440	8	8	54
0	0	1088	448	8	8	54
0	0	1080	456	8	8	54
0	0	1080	464	8	16	57
0	0	1072	480	8	8	54
0	0	1064	488	8	8	54
0	0	1064	496	8	16	57
0	0	1064	512	8	8	59
0	0	1072	520	8	8	59
0	0	1080	528	8	88	57
0	0	1072	616	8	8	54
0	0	1064	624	8	8	54
0	0	1056	632	8	8	54
0	0	1048	640	8	8	54
0	0	1040	648	8	8	54
0	0	1032	656	8	8	54
0	0	1024	664	8	8	54
0	0	984	672	40	8	55
0	0	976	664	8	8	56
0	0	968	656	8	8	56
0	0	960	648	8	8	56
0	0	952	640	8	8	58
0	0	984	608	8	8	61
0	0	992	600	8	8	61
0	0	1000	592	8	8	61
0	0	1000	488	8	104	58
0	0	976	616	8	8	61
0	0	1000	480	8	8	56
0	0	992	472	8	8	56
0	0	984	464	8	8	56
0	0	968	464	16	8	55
0	0	960	456	8	8	56
0	0	952	448	8	8	56
0	0	904	448	48	8	55
0	0	896	448	8	8	54
0	0	864	456	32	8	55
0	0	856	456	8	8	54
0	0	848	464	8	8	54
0	0	840	472	8	8	54
0	0	832	480	8	8	54
0	0	728	688	32	8	55
0	0	720	680	8	8	56
0	0	712	672	8	8	56
0	0	704	664	8	8	56
0	0	696	656	8	8	56
0	0	760	680	8	8	54
0	0	768	664	8	16	57
0	0	768	656	8	8	54
0	0	776	648	8	8	54
0	0	784	640	8	8	54
0	0	792	640	16	8	55
0	0	808	632	8	8	54
0	0	816	616	8	16	57
0	0	816	608	8	8	54
0	0	824	600	8	8	54
0	0	832	584	8	16	57
0	0	824	576	8	8	59
0	0	816	568	8	8	59
0	0	808	512	8	40	57
0	0	824	488	8	8	54
0	0	816	496	8	8	54
0	0	760	424	8	8	56
0	0	768	432	8	8	56
0	0	768	608	8	8	61
0	0	760	616	8	8	61
0	0	712	616	48	8	60
0	0	624	472	8	8	56
0	0	624	432	8	8	61
0	0	632	424	8	8	61
0	0	640	416	8	8	61
0	0	648	416	8	8	59
0	0	656	424	8	8	59
0	0	624	480	8	104	58
0	0	632	584	8	8	56
0	0	640	592	8	8	56
0	0	640	600	8	24	58
0	0	648	624	8	8	56
0	0	656	632	8	8	56
0	0	688	648	8	8	56
0	0	672	648	16	8	55
0	0	664	640	8	8	56
0	0	704	616	8	8	59
0	0	696	608	8	8	59
0	0	688	600	8	8	59
0	0	688	584	8	16	57
0	0	680	576	8	8	59
0	0	672	568	8	8	59
0	0	664	432	8	128	57
0	0	664	560	8	8	59
0	0	648	408	8	8	52
0	0	656	416	8	8	52
0	0	664	424	8	8	52
0	0	672	560	8	8	52
0	0	680	568	8	8	52
0	0	688	576	8	8	52
0	0	696	600	8	8	52
0	0	704	608	8	8	52
0	0	640	408	8	8	53
0	0	632	416	8	8	53
0	0	624	424	8	8	53
0	0	760	608	8	8	53
0	0	744	352	8	8	53
0	0	736	368	8	8	53
0	0	728	376	8	8	53
0	0	728	400	8	8	51
0	0	736	408	8	8	51
0	0	744	416	8	8	51
0	0	752	424	8	8	51
0	0	760	432	8	8	51
0	0	624	584	8	8	51
0	0	632	592	8	8	51
0	0	640	624	8	8	51
0	0	648	632	8	8	51
0	0	656	640	8	8	51
0	0	664	648	8	8	51
0	0	688	656	8	8	51
0	0	696	664	8	8	51
0	0	704	672	8	8	51
0	0	712	680	8	8	51
0	0	720	688	8	8	51
0	0	760	688	8	8	50
0	0	768	680	8	8	50
0	0	776	656	8	8	50
0	0	784	648	8	8	50
0	0	808	640	8	8	50
0	0	816	632	8	8	50
0	0	824	608	8	8	50
0	0	832	600	8	8	50
0	0	824	496	8	8	50
0	0	832	488	8	8	50
0	0	840	480	8	8	50
0	0	848	472	8	8	50
0	0	856	464	8	8	50
0	0	832	576	8	8	52
0	0	824	568	8	8	52
0	0	824	400	8	8	52
0	0	800	376	8	8	52
0	0	816	392	8	8	52
0	0	856	400	8	8	53
0	0	1104	392	8	8	53
0	0	992	592	8	8	53
0	0	984	600	8	8	53
0	0	976	608	8	8	53
0	0	968	616	8	8	53
0	0	952	456	8	8	51
0	0	960	464	8	8	51
0	0	984	472	8	8	51
0	0	992	480	8	8	51
0	0	952	648	8	8	51
0	0	960	656	8	8	51
0	0	968	664	8	8	51
0	0	976	672	8	8	51
0	0	1096	448	8	8	50
0	0	1088	456	8	8	50
0	0	1080	480	8	8	50
0	0	1072	488	8	8	50
0	0	896	456	8	8	50
0	0	1080	616	8	8	50
0	0	1072	624	8	8	50
0	0	1064	632	8	8	50
0	0	1056	640	8	8	50
0	0	1048	648	8	8	50
0	0	1040	656	8	8	50
0	0	1032	664	8	8	50
0	0	1024	672	8	8	50
0	0	984	400	8	8	52
0	0	992	408	8	8	52
0	0	1072	512	8	8	52
0	0	1080	520	8	8	52
0	0	816	392	32	8	523
0	0	800	368	8	16	503
0	0	1048	648	48	16	505
0	0	1056	664	32	8	523
0	0	1040	640	8	16	503
0	0	1096	640	8	16	504
0	0	696	352	48	40	502
0	0	696	392	48	16	505
0	0	704	544	48	40	502
0	0	744	384	8	16	504
0	0	752	576	8	16	504
0	0	776	528	8	16	504
0	0	680	440	48	16	505
0	0	704	584	48	16	505
0	0	712	600	32	8	523
0	0	736	552	32	8	523
0	0	688	552	32	8	523
0	0	688	456	32	8	523
0	0	672	528	8	16	503
0	0	696	576	8	16	503
0	0	672	432	8	16	503
0	0	696	408	32	8	523
0	0	808	536	192	16	505
0	0	880	640	48	40	502
0	0	968	624	8	8	61
0	0	960	632	8	8	61
0	0	960	624	8	8	53
0	0	952	632	8	8	53
0	0	880	584	96	16	505
0	0	904	632	48	16	505
0	0	880	680	48	16	505
0	0	952	632	48	16	628
0	0	1000	624	8	16	627
0	0	960	648	32	8	629
0	0	872	576	8	16	503
0	0	800	528	8	16	503
0	0	872	672	8	16	503
0	0	1000	528	8	16	504
0	0	928	672	8	16	504
0	0	864	552	32	8	523
0	0	960	552	32	8	523
0	0	888	600	32	8	523
0	0	912	648	32	8	523
0	0	888	696	32	8	523
0	0	808	552	8	8	59
0	0	816	552	8	8	52
0	0	816	552	32	8	523
0	0	808	504	8	8	54
0	0	816	504	8	8	50
0	0	816	560	8	8	57
0	0	768	568	8	40	58
0	0	768	560	8	8	56
0	0	768	520	8	8	61
0	0	760	528	8	32	58
0	0	760	560	8	8	51
0	0	760	520	8	8	53
0	0	680	536	96	16	505
0	0	928	912	192	40	502
0	0	904	960	240	40	502
0	0	928	952	192	16	505
0	0	920	944	8	16	503
0	0	992	864	16	16	525
0	0	616	960	240	40	502
0	0	544	944	8	32	58
0	0	552	936	8	8	61
0	0	560	928	8	8	61
0	0	568	920	8	8	61
0	0	576	912	8	8	61
0	0	584	904	8	8	61
0	0	592	896	16	8	60
0	0	608	896	8	8	61
0	0	616	888	8	8	61
0	0	624	880	8	8	61
0	0	624	864	8	16	58
0	0	632	856	8	8	61
0	0	640	848	48	8	60
0	0	688	848	8	8	61
0	0	696	840	8	8	61
0	0	704	832	72	8	60
0	0	584	960	8	16	57
0	0	584	952	8	8	54
0	0	592	944	8	8	54
0	0	600	936	8	8	54
0	0	608	928	8	8	54
0	0	616	920	8	8	54
0	0	624	920	16	8	55
0	0	640	912	8	8	54
0	0	648	904	8	8	54
0	0	656	904	16	8	55
0	0	672	896	8	8	54
0	0	680	888	8	8	54
0	0	688	880	8	8	54
0	0	696	872	8	8	54
0	0	704	872	16	8	55
0	0	720	864	8	8	54
0	0	728	856	8	8	54
0	0	736	856	40	8	55
0	0	776	848	8	8	54
0	0	776	840	8	8	59
0	0	784	848	8	8	50
0	0	776	856	8	8	50
0	0	728	864	8	8	50
0	0	720	872	8	8	50
0	0	696	880	8	8	50
0	0	688	888	8	8	50
0	0	680	896	8	8	50
0	0	672	904	8	8	50
0	0	648	912	8	8	50
0	0	640	920	8	8	50
0	0	616	928	8	8	50
0	0	608	936	8	8	50
0	0	600	944	8	8	50
0	0	592	952	8	8	50
0	0	544	936	8	8	53
0	0	552	928	8	8	53
0	0	560	920	8	8	53
0	0	568	912	8	8	53
0	0	576	904	8	8	53
0	0	584	896	8	8	53
0	0	608	888	8	8	53
0	0	616	880	8	8	53
0	0	624	856	8	8	53
0	0	632	848	8	8	53
0	0	688	840	8	8	53
0	0	696	832	8	8	53
0	0	784	840	8	8	52
0	0	776	832	8	8	52
0	0	760	864	48	40	502
0	0	760	904	48	16	505
0	0	768	920	32	8	523
0	0	752	896	8	16	503
0	0	808	896	8	16	504
0	0	592	848	16	16	37
0	0	552	896	16	8	36
0	0	696	920	16	8	36
0	0	744	848	8	8	546
0	0	592	928	8	8	62
0	0	672	872	8	8	62
0	0	664	864	8	8	63
0	0	640	896	8	8	63
0	0	648	896	8	8	63
0	0	552	960	8	8	63
0	0	256	80	80	16	779
0	0	704	-16	16	240	812
0	0	696	-16	8	240	810
0	0	720	-16	8	240	811
0	0	624	720	448	16	192
0	0	640	712	16	24	812
0	0	656	712	8	24	811
0	0	632	712	8	24	810
0	0	640	736	16	24	815
0	0	656	736	8	24	814
0	0	632	736	8	24	813
0	0	1008	616	8	8	545
0	0	1008	520	8	8	545
0	0	784	536	8	8	545
0	0	776	544	8	8	545
0	0	1064	576	8	8	545
0	0	1016	608	8	8	546
0	0	1032	640	8	8	546
0	0	984	648	8	8	546
0	0	1016	504	8	8	546
0	0	1008	552	8	8	546
0	0	792	512	8	8	546
0	0	792	384	8	8	546
0	0	976	416	8	8	546
0	0	872	408	8	8	545
0	0	960	408	8	8	545
0	0	736	392	8	8	545
0	0	656	432	8	8	546
0	0	640	536	8	8	546
0	0	680	584	8	8	546
0	0	728	624	8	8	545
0	0	680	608	8	8	545
0	0	648	552	8	8	545
0	0	656	472	8	8	545
0	0	672	576	8	8	545
0	0	752	376	8	8	62
0	0	848	432	8	8	62
0	0	800	464	8	8	62
0	0	640	456	8	8	62
0	0	936	416	8	8	62
0	0	1048	456	8	8	62
0	0	1040	464	8	8	62
0	0	976	448	8	8	62
0	0	1040	528	8	8	62
0	0	1008	656	8	8	62
0	0	1024	632	8	8	62
0	0	1016	656	8	8	63
0	0	1016	584	8	8	63
0	0	1048	544	8	8	63
0	0	1072	440	8	8	63
0	0	1040	456	8	8	63
0	0	992	464	8	8	63
0	0	920	424	8	8	63
0	0	928	424	8	8	63
0	0	760	360	8	8	63
0	0	776	368	8	8	63
0	0	768	376	8	8	63
0	0	784	424	8	8	63
0	0	808	456	8	8	63
0	0	648	456	8	8	63
0	0	656	512	8	8	63
0	0	792	576	8	8	63
0	0	760	648	8	8	63
0	0	688	632	8	8	63
0	0	640	576	8	8	63
0	0	744	664	8	8	63
0	0	816	592	8	8	63
0	0	752	656	8	8	62
0	0	784	600	8	8	62
0	0	672	616	8	8	62
0	0	648	416	8	8	63
0	0	1104	496	32	32	527
0	0	1104	528	32	32	630
0	0	1104	560	32	32	630
0	0	1088	592	32	32	527
0	0	960	864	32	32	526
0	0	896	896	32	32	526
0	0	88	168	16	8	227
0	0	488	168	16	8	228
0	0	216	760	16	8	227
0	0	360	760	16	8	228
0	0	808	808	16	8	228
0	0	568	808	16	8	227
0	0	936	840	16	8	227
0	0	680	496	96	40	502
0	0	808	496	192	40	502
0	0	904	592	96	40	502
0	0	880	544	96	40	502
0	0	1048	608	48	40	502
0	0	680	400	48	40	502
0	0	704	448	48	40	502
0	0	776	512	32	16	825
0	0	192	648	16	24	812
0	0	208	648	8	24	811
0	0	184	648	8	24	810
0	0	192	672	16	24	815
0	0	208	672	8	24	814
0	0	184	672	8	24	813
0	0	688	688	16	8	973
0	0	784	688	16	8	973
0	0	688	816	16	16	977
0	0	784	816	16	16	977
0	0	688	696	16	8	974
0	0	688	808	16	8	976
0	0	688	704	16	104	975
0	0	784	696	16	8	974
0	0	784	808	16	8	976
0	0	784	704	16	104	975
0	0	736	696	16	8	978
0	0	736	704	16	16	980
0	0	736	720	16	8	979
0	0	736	728	16	8	978
0	0	736	736	16	16	980
0	0	736	752	16	8	979
0	0	736	760	16	8	978
0	0	736	768	16	16	980
0	0	736	784	16	8	979
0	0	736	792	16	8	978
0	0	736	800	16	16	980
0	0	736	816	16	8	979
0	0	704	696	32	128	985
0	0	752	696	32	128	987
0	0	800	824	8	8	460
0	0	704	816	8	8	982
0	0	720	816	8	8	982
0	0	712	816	8	8	981
0	0	728	816	8	8	981
0	0	728	696	8	8	982
0	0	712	696	8	8	982
0	0	704	696	8	8	981
0	0	720	696	8	8	981
0	0	768	816	8	8	983
0	0	752	816	8	8	983
0	0	760	816	8	8	984
0	0	776	816	8	8	984
0	0	768	696	8	8	983
0	0	752	696	8	8	983
0	0	760	696	8	8	984
0	0	776	696	8	8	984
0	0	776	808	8	8	983
0	0	768	808	8	8	984
0	0	712	808	8	8	982
0	0	704	808	8	8	981
0	0	704	800	8	8	982
0	0	712	800	8	8	981
0	0	768	800	8	8	983
0	0	776	800	8	8	984
0	0	776	704	8	8	983
0	0	768	704	8	8	984
0	0	704	704	8	8	982
0	0	712	704	8	8	981
0	0	704	696	8	128	1029
0	0	776	712	8	8	984
0	0	776	720	8	8	983
0	0	776	728	8	8	984
0	0	776	736	8	8	983
0	0	776	744	8	8	984
0	0	776	752	8	8	983
0	0	776	760	8	8	984
0	0	776	768	8	8	983
0	0	776	776	8	8	984
0	0	776	784	8	8	983
0	0	776	792	8	8	984
0	0	960	688	16	8	973
0	0	1040	688	16	8	973
0	0	960	848	16	16	977
0	0	1040	848	16	16	977
0	0	960	696	16	8	974
0	0	960	840	16	8	976
0	0	960	704	16	136	975
0	0	1040	696	16	8	974
0	0	1040	840	16	8	976
0	0	1040	704	16	136	975
0	0	976	696	64	160	985
0	0	976	816	8	8	982
0	0	992	848	8	8	982
0	0	984	848	8	8	981
0	0	1000	848	8	8	981
0	0	984	696	8	8	982
0	0	976	696	8	8	981
0	0	992	696	8	8	981
0	0	1016	840	8	8	983
0	0	1024	848	8	8	983
0	0	1016	848	8	8	984
0	0	1032	848	8	8	984
0	0	1024	696	8	8	983
0	0	1016	696	8	8	984
0	0	1032	696	8	8	984
0	0	1032	840	8	8	983
0	0	1024	840	8	8	984
0	0	984	840	8	8	982
0	0	976	808	8	8	981
0	0	976	800	8	8	982
0	0	984	832	8	8	981
0	0	1024	832	8	8	983
0	0	1032	800	8	8	984
0	0	1032	704	8	8	983
0	0	1024	704	8	8	984
0	0	976	704	8	8	982
0	0	984	704	8	8	981
0	0	976	696	8	160	1029
0	0	1032	712	8	8	984
0	0	1032	720	8	8	983
0	0	1032	728	8	8	984
0	0	1032	736	8	8	983
0	0	1032	744	8	8	984
0	0	1032	752	8	8	983
0	0	1032	760	8	8	984
0	0	1032	768	8	8	983
0	0	1032	776	8	8	984
0	0	1032	784	8	8	983
0	0	1032	792	8	8	984
0	0	1056	856	8	8	460
0	0	1008	848	32	32	526
0	0	1032	816	8	8	984
0	0	1032	808	8	8	984
0	0	1032	832	8	8	984
0	0	1032	824	8	8	984
0	0	672	760	16	16	10
0	0	656	768	16	16	10
0	0	664	792	16	16	10
0	0	624	784	16	16	10
0	0	832	768	16	16	10
0	0	840	792	16	16	10
0	0	880	776	16	16	10
0	0	112	192	16	8	920
0	0	464	192	16	8	921
0	0	128	192	336	24	917
0	0	448	200	32	224	937
0	0	128	200	16	16	928
0	0	448	200	16	16	929
0	0	480	200	16	16	825
0	0	480	216	16	48	524
0	0	192	504	208	56	918
0	0	400	512	16	48	923
0	0	176	512	16	48	922
0	0	112	424	16	48	922
0	0	464	424	16	48	923
0	0	400	416	64	56	918
0	0	176	432	16	40	925
0	0	400	432	16	40	924
0	0	384	416	16	16	935
0	0	448	416	16	16	930
0	0	384	504	16	16	930
0	0	192	504	16	16	931
0	0	192	416	16	16	934
0	0	128	416	16	16	931
0	0	128	432	32	56	938
0	0	432	432	32	56	938
0	0	208	520	32	56	938
0	0	352	520	32	56	938
0	0	264	528	24	32	1032
0	0	304	528	24	32	1033
0	0	288	536	16	24	1035
0	0	288	528	16	8	1034
0	0	256	552	16	8	1036
0	0	320	552	16	8	1036
0	0	256	560	16	40	1037
0	0	240	560	16	48	43
0	0	336	560	16	48	43
0	0	352	576	16	32	43
0	0	368	576	16	16	43
0	0	384	560	16	16	43
0	0	192	560	16	16	43
0	0	208	576	32	16	43
0	0	224	592	16	16	43
0	0	256	600	16	8	1038
0	0	320	560	16	40	1037
0	0	320	600	16	8	1038
0	0	272	560	48	32	953
0	0	272	592	48	16	955
0	0	144	216	16	8	920
0	0	432	216	16	8	921
0	0	160	216	272	24	917
0	0	144	224	32	96	936
0	0	144	312	16	48	922
0	0	160	224	16	16	928
0	0	416	224	32	96	937
0	0	432	312	16	48	923
0	0	160	304	96	56	918
0	0	336	304	96	56	918
0	0	240	320	16	40	925
0	0	336	320	16	40	924
0	0	256	384	80	56	918
0	0	336	392	16	48	923
0	0	240	392	16	48	922
0	0	416	224	16	16	929
0	0	416	304	16	16	930
0	0	320	384	16	16	930
0	0	256	384	16	16	931
0	0	160	304	16	16	931
0	0	256	304	16	16	934
0	0	320	304	16	16	935
0	0	256	400	32	56	938
0	0	304	400	32	56	938
0	0	168	328	24	32	1032
0	0	208	328	24	32	1033
0	0	192	336	16	24	1035
0	0	192	328	16	8	1034
0	0	360	328	24	32	1032
0	0	400	328	24	32	1033
0	0	384	336	16	24	1035
0	0	384	328	16	8	1034
0	0	160	352	16	8	1036
0	0	160	384	16	8	1038
0	0	160	360	16	24	1037
0	0	176	376	48	16	955
0	0	224	352	16	8	1036
0	0	224	384	16	8	1038
0	0	224	360	16	24	1037
0	0	352	352	16	8	1036
0	0	352	384	16	8	1038
0	0	352	360	16	24	1037
0	0	368	376	48	16	955
0	0	416	352	16	8	1036
0	0	416	384	16	8	1038
0	0	416	360	16	24	1037
0	0	264	120	16	8	11
0	0	544	168	16	8	11
0	0	544	632	16	8	11
0	0	488	736	16	8	11
0	0	576	768	16	8	11
0	0	64	664	16	8	11
0	0	40	832	16	8	11
0	0	176	736	16	8	11
0	0	128	936	16	8	11
0	0	88	712	8	8	12
0	0	448	936	8	8	12
0	0	536	704	8	8	12
0	0	552	752	8	8	12
0	0	560	200	8	8	12
0	0	328	112	8	8	12
0	0	40	160	8	8	12
0	0	56	760	8	8	12
0	0	128	824	8	8	12
0	0	360	712	8	8	12
0	0	464	824	8	8	12
0	0	552	344	8	8	12
0	0	520	584	8	8	12
0	0	912	800	16	8	11
0	0	1096	760	16	8	11
0	0	1080	808	8	8	12
0	0	240	768	16	16	977
0	0	336	768	16	16	977
0	0	224	632	208	8	259
0	0	224	640	208	8	265
0	0	240	632	16	8	974
0	0	336	624	16	8	973
0	0	336	632	16	8	974
0	0	288	632	16	8	978
0	0	288	640	16	16	980
0	0	288	656	16	8	979
0	0	288	752	16	16	980
0	0	288	768	16	8	979
0	0	240	640	16	32	975
0	0	240	736	16	32	975
0	0	336	728	16	40	975
0	0	336	640	16	40	975
0	0	352	776	8	8	460
0	0	240	624	16	8	973
0	0	288	744	16	8	978
0	0	256	632	8	40	1029
0	0	256	736	8	40	1029
0	0	256	728	8	8	981
0	0	328	768	8	8	984
0	0	312	768	8	8	984
0	0	320	760	8	8	984
0	0	328	752	8	8	984
0	0	312	752	8	8	984
0	0	320	744	8	8	984
0	0	328	736	8	8	984
0	0	304	760	8	8	984
0	0	304	768	8	8	983
0	0	320	768	8	8	983
0	0	312	760	8	8	983
0	0	304	752	8	8	983
0	0	320	752	8	8	983
0	0	328	744	8	8	983
0	0	328	760	8	8	983
0	0	264	768	8	8	981
0	0	272	760	8	8	981
0	0	280	752	8	8	981
0	0	264	752	8	8	981
0	0	272	744	8	8	981
0	0	280	736	8	8	981
0	0	264	736	8	8	981
0	0	272	768	8	8	982
0	0	280	760	8	8	982
0	0	264	760	8	8	982
0	0	272	752	8	8	982
0	0	264	744	8	8	982
0	0	280	744	8	8	982
0	0	264	728	8	8	982
0	0	280	768	8	8	981
0	0	256	720	8	8	982
0	0	272	656	8	8	982
0	0	280	648	8	8	982
0	0	272	640	8	8	982
0	0	264	648	8	8	982
0	0	264	632	8	8	982
0	0	280	632	8	8	982
0	0	272	632	8	8	981
0	0	280	640	8	8	981
0	0	272	648	8	8	981
0	0	264	640	8	8	981
0	0	264	656	8	8	981
0	0	280	656	8	8	981
0	0	328	632	8	8	984
0	0	328	648	8	8	984
0	0	320	640	8	8	984
0	0	312	632	8	8	984
0	0	304	640	8	8	984
0	0	312	648	8	8	984
0	0	320	656	8	8	984
0	0	304	656	8	8	984
0	0	312	656	8	8	983
0	0	328	656	8	8	983
0	0	328	640	8	8	983
0	0	320	648	8	8	983
0	0	304	648	8	8	983
0	0	312	640	8	8	983
0	0	304	632	8	8	983
0	0	320	632	8	8	983
0	0	392	704	16	16	10
0	0	432	744	16	16	10
0	0	384	688	16	16	10
0	0	352	696	16	16	10
0	0	344	712	16	16	10
0	0	360	736	16	16	10
0	0	232	688	16	16	10
0	0	216	712	16	16	10
0	0	224	736	16	16	10
0	0	640	376	16	16	1039
0	0	328	688	8	8	983
0	0	328	680	8	8	984
0	0	328	672	8	8	983
0	0	328	664	8	8	984
0	0	320	664	8	8	983
0	0	312	664	8	8	984
0	0	288	664	16	8	978
0	0	280	664	8	8	982
0	0	272	664	8	8	981
0	0	264	664	8	8	982
0	0	256	672	8	8	982
0	0	264	672	8	8	981
0	0	288	672	16	16	980
0	0	280	680	8	8	982
0	0	272	680	8	8	981
0	0	272	672	8	8	982
0	0	264	680	8	8	982
0	0	280	672	8	8	981
0	0	304	672	8	8	984
0	0	312	672	8	8	983
0	0	320	680	8	8	983
0	0	312	680	8	8	984
0	0	320	672	8	8	984
0	0	304	664	8	8	983
0	0	280	688	16	8	978
0	0	280	688	8	8	981
0	0	304	680	8	8	983
0	0	576	496	16	224	20
0	0	560	496	16	16	19
0	0	544	480	16	16	25
0	0	536	480	8	16	125
0	0	528	480	8	16	273
0	0	616	480	8	224	274
0	0	592	480	16	224	27
0	0	608	480	8	224	130
0	0	520	392	16	16	270
0	0	256	0	80	80	778
2	0	480	200	16	16	teletransporter_lw	0	1	88	from_outside_hole
10	0	280	536	32	24	castle_door	1031	0
2	0	0	976	1120	16	to_C1	0	2	3	_side
2	0	1120	0	16	976	to_B2	0	2	7	_side
6	0	744	248	48	8	Jump_sensor	6	120
6	0	584	816	32	8	jumper	2	32
2	0	0	-16	1120	16	to_A1	0	2	8	_side
6	0	440	600	8	32	jumper_2	0	48
6	0	144	600	8	32	jumper_3	4	48
6	0	192	824	8	32	jumper_4	4	40
4	0	1000	877	4	_random	1	-1
1	0	768	365	from_mountain_cave_1F	3	0
1	0	768	237	from_mountain_cave_2F	3	0
2	0	760	208	16	16	to_mountain_cave_2F	0	1	39	from_outside
2	0	760	336	16	16	to_mountain_cave_2F_2	0	1	38	from_outside
12	0	760	328	16	8	custom_obstacle	1	1	1	1
8	0	648	389	npc	3	0	entities/sign	dialog#outside_world.old_castle_sign
12	0	192	336	16	8	custom_obstacle_2	1	1	1	1
12	0	384	336	16	8	custom_obstacle_3	1	1	1	1
12	0	288	536	16	8	custom_obstacle_4	1	1	1	1
4	0	488	261	2	_random	1	-1
4	0	488	245	2	_random	1	-1
4	0	488	229	2	_random	1	-1
3	0	216	845	piece_of_heart	1	107
1	0	296	573	from_dungeon_5_1F	3	0
2	0	288	544	16	16	teletransporter_dw_2	0	1	64	from_outside
1	0	200	373	from_dungeon_5_2F_w	3	0
1	0	392	373	from_dungeon_5_2F_e	3	0
2	0	192	344	16	16	teletransporter_dw_3	0	1	63	from_outside_w
2	0	384	344	16	16	teletransporter_dw_4	0	1	63	from_outside_e
1	0	488	277	from_dungeon_5_hole	3	0
2	0	480	200	16	16	teletransporter_dw	0	1	65	from_outside_hole
4	0	488	213	2	_none	1	-1
12	0	256	64	32	16	custom_obstacle_5	1	1	1	1
12	0	256	680	8	8	custom_obstacle_6	1	1	1	1
12	0	264	688	16	8	custom_obstacle_7	1	1	1	1
12	0	280	696	16	8	custom_obstacle_8	1	1	1	1
12	0	296	688	32	8	custom_obstacle_9	1	1	1	1
12	0	328	696	8	8	custom_obstacle_10	1	1	1	1
12	0	336	680	8	16	custom_obstacle_11	1	1	1	1
12	0	256	712	8	8	custom_obstacle_12	1	1	1	1
12	0	264	720	8	8	custom_obstacle_13	1	1	1	1
12	0	272	728	8	16	custom_obstacle_14	1	1	1	1
12	0	280	728	16	8	custom_obstacle_15	1	1	1	1
12	0	296	736	8	8	custom_obstacle_16	1	1	1	1
12	0	304	744	16	8	custom_obstacle_17	1	1	1	1
12	0	320	736	8	8	custom_obstacle_18	1	1	1	1
12	0	328	728	8	8	custom_obstacle_19	1	1	1	1
12	0	248	672	8	8	custom_obstacle_20	1	1	1	1
12	0	248	720	8	16	custom_obstacle_21	1	1	1	1
10	0	560	416	16	80	castle_east_bridge_off	19	1
10	0	576	416	16	80	castle_east_bridge_off_2	20	1
10	0	616	432	8	48	castle_east_bridge_off_3	617	1
10	0	616	416	8	16	castle_east_bridge_off_4	274	1
10	0	528	416	8	64	castle_east_bridge_off_5	273	1
10	0	536	416	8	64	castle_east_bridge_off_6	125	1
10	0	544	416	16	64	castle_east_bridge_off_7	25	1
10	0	592	416	16	64	castle_east_bridge_off_8	27	1
10	0	608	416	8	64	castle_east_bridge_off_9	130	1
10	0	528	408	96	16	castle_east_bridge_2	961	1
10	0	520	408	8	16	castle_east_bridge	959	1
10	0	624	408	8	16	castle_east_bridge_3	962	1
10	0	624	424	8	48	castle_east_bridge_6	965	1
10	0	528	424	96	48	castle_east_bridge_5	964	1
10	0	520	424	8	48	castle_east_bridge_4	963	1
10	0	520	472	8	16	castle_east_bridge_7	966	1
10	0	528	472	96	16	castle_east_bridge_8	968	1
10	0	624	472	8	16	castle_east_bridge_9	969	1
10	0	552	488	48	8	castle_east_bridge_10	1030	1
11	0	360	824	castle_door_switch	3	0	0
2	0	288	544	16	16	teletransporter_lw_2	0	1	89	from_outside
8	0	296	389	cannon	-1	0	entities/cannon	map
13	0	392	301	16	16	start_boss_sensor	0
10	0	376	248	32	8	castle_roof_entrance	1012	1
10	0	376	256	32	8	castle_roof_entrance_2	1014	1
10	0	376	264	8	24	castle_roof_entrance_3	1016	1
10	0	400	264	8	24	castle_roof_entrance_4	1016	1
10	0	384	264	16	24	castle_roof_entrance_5	1015	1
1	0	392	285	from_dungeon_5_2F_ne	3	0
2	0	384	272	16	16	teletransporter_lw_3	0	1	90	from_roof
2	0	384	272	16	16	teletransporter_dw_roof	0	1	63	from_roof
19	0	384	272	castle_roof_stairs	1	3
7	0	296	277	boss	3	agahnim	2	520	heart_container	1	521
7	0	136	517	enemy	3	blue_knight_soldier	0	-1	_random	1	-1
7	0	656	549	enemy_2	3	blue_knight_soldier	0	-1	_random	1	-1
7	0	912	453	enemy_3	3	red_knight_soldier	0	-1	_random	1	-1
12	0	304	64	32	16	custom_obstacle_22	1	1	1	1
12	0	288	56	16	8	custom_obstacle_23	1	1	1	1
2	0	288	64	16	16	teletransporter	0	1	133	from_outside
1	0	296	93	from_castle_waterfall	3	0
0	2	1000	328	8	40	514
0	2	800	328	8	40	513
0	2	808	320	192	16	512
0	2	808	336	192	40	511
0	2	1016	336	48	16	512
0	2	1008	344	8	40	513
0	2	1016	352	48	40	511
0	2	1064	344	8	40	514
0	2	1048	608	48	40	511
0	2	1040	600	8	40	513
0	2	1048	592	48	16	512
0	2	1096	600	8	40	514
0	2	752	440	8	40	514
0	2	776	488	8	40	514
0	2	744	344	8	40	514
0	2	728	392	8	40	514
0	2	704	448	48	40	511
0	2	680	496	96	40	511
0	2	704	544	48	40	511
0	2	680	400	48	40	511
0	2	696	352	48	40	511
0	2	696	336	48	16	512
0	2	680	384	48	16	512
0	2	704	432	48	16	512
0	2	704	528	48	16	512
0	2	680	480	96	16	512
0	2	688	344	8	40	513
0	2	672	392	8	40	513
0	2	696	440	8	40	513
0	2	672	488	8	40	513
0	2	696	536	8	40	513
0	2	752	536	8	40	514
0	2	808	496	192	40	511
0	2	808	480	192	16	512
0	2	800	488	8	40	513
0	2	880	544	96	40	511
0	2	904	592	96	40	511
0	2	880	640	48	40	511
0	2	880	528	96	16	512
0	2	904	576	96	16	512
0	2	880	624	48	16	512
0	2	872	536	8	40	513
0	2	896	584	8	40	513
0	2	872	632	8	40	513
0	2	976	536	8	40	514
0	2	1000	584	8	40	514
0	2	928	632	8	40	514
0	2	1000	488	8	40	514
0	2	928	912	192	40	511
0	2	904	960	240	40	511
0	2	928	896	192	16	512
0	2	904	944	240	16	512
0	2	920	904	8	40	513
0	2	896	952	8	40	513
0	2	856	952	8	40	514
0	2	616	960	240	40	511
0	2	608	952	8	40	513
0	2	616	944	240	16	512
0	2	760	848	48	16	512
0	2	760	864	48	40	511
0	2	752	856	8	40	513
0	2	808	856	8	40	514
