960	976	0	-100	1120	624	-1	1	overworld.spc
0	0	416	0	64	352	448
0	0	656	0	32	352	448
0	0	464	-16	208	384	444
0	0	496	256	144	96	444
0	0	752	0	32	352	447
0	0	688	0	32	352	447
0	0	720	0	32	352	448
0	0	832	448	16	32	49
0	0	688	464	16	32	49
0	0	368	784	240	192	444
0	0	384	896	64	32	49
0	0	48	0	32	352	447
0	0	176	880	48	96	778
0	0	504	896	80	32	49
0	0	96	0	32	384	447
0	0	64	440	16	16	49
0	0	64	408	48	32	49
0	0	16	408	48	80	49
0	0	0	392	48	48	49
0	0	128	784	16	16	22
0	0	144	784	16	16	21
0	0	136	784	16	16	10
0	0	128	800	32	24	275
0	0	0	624	128	200	275
0	0	80	544	112	80	275
0	0	160	384	112	160	275
0	0	152	456	16	16	271
0	0	8	856	16	16	269
0	0	56	856	16	16	270
0	0	8	840	16	16	90
0	0	-8	840	16	8	277
0	0	120	856	16	16	269
0	0	160	864	16	16	83
0	0	144	848	16	16	83
0	0	200	664	16	48	49
0	0	360	408	144	320	49
0	0	368	448	8	16	627
0	0	528	672	16	16	49
0	0	328	472	48	16	49
0	0	384	752	8	8	51
0	0	296	760	32	16	49
0	0	192	672	8	32	58
0	0	496	496	160	16	49
0	0	784	704	96	48	49
0	0	384	352	64	32	448
0	0	320	-32	96	416	444
0	0	336	112	80	32	49
0	0	320	256	96	16	387
0	0	408	376	16	16	188
0	0	336	272	80	32	49
0	0	360	280	16	16	610
0	0	496	240	144	16	49
0	0	272	-16	32	416	447
0	0	288	0	32	416	447
0	0	216	648	16	80	49
0	0	400	752	32	16	49
0	0	352	400	48	16	49
0	0	320	384	96	16	177
0	0	416	384	16	16	77
0	0	312	400	8	80	274
0	0	240	832	80	160	444
0	0	320	832	32	160	448
0	0	336	816	32	160	448
0	0	360	776	16	16	271
0	0	392	776	16	16	272
0	0	368	776	32	8	259
0	0	440	776	16	16	271
0	0	608	784	32	192	448
0	0	704	816	64	160	447
0	0	704	784	32	32	447
0	0	640	752	64	224	444
0	0	624	752	16	16	271
0	0	696	752	8	8	284
0	0	704	752	16	16	272
0	0	856	792	16	16	272
0	0	752	800	160	192	444
0	0	904	792	16	16	271
0	0	896	432	16	80	49
0	0	488	648	32	80	49
0	0	520	664	16	32	49
0	0	672	656	16	48	49
0	0	656	672	16	32	49
0	0	640	680	16	16	49
0	0	512	688	176	32	49
0	0	352	552	16	16	49
0	0	232	632	32	112	49
0	0	240	744	32	16	49
0	0	272	608	16	144	49
0	0	256	624	16	128	49
0	0	280	560	48	16	49
0	0	280	568	96	192	49
0	0	384	720	64	16	49
0	0	384	736	48	16	49
0	0	504	504	16	48	49
0	0	512	504	32	32	49
0	0	528	504	32	16	49
0	0	416	400	32	32	49
0	0	440	376	32	48	49
0	0	864	400	16	32	49
0	0	816	384	48	64	49
0	0	464	352	368	112	49
0	0	832	480	64	64	49
0	0	880	416	16	96	49
0	0	896	592	16	80	49
0	0	808	744	64	16	49
0	0	688	544	208	160	49
0	0	328	760	8	8	50
0	0	688	560	8	80	58
0	0	656	496	32	32	49
0	0	632	560	32	80	49
0	0	560	536	80	128	49
0	0	536	560	32	80	49
0	0	560	504	80	8	55
0	0	664	528	8	8	56
0	0	672	536	8	8	56
0	0	680	544	8	8	56
0	0	784	744	24	8	55
0	0	904	592	8	80	57
0	0	496	352	96	16	177
0	0	592	352	48	16	387
0	0	864	-16	16	320	444
0	0	944	-16	16	992	444
0	0	912	-16	32	992	447
0	0	912	272	16	16	224
0	0	912	288	16	512	128
0	0	880	-16	32	320	448
0	0	880	288	16	16	188
0	0	896	288	16	16	77
0	0	848	320	16	16	77
0	0	768	-16	64	352	444
0	0	832	-16	32	352	448
0	0	880	304	16	16	77
0	0	832	336	16	16	77
0	0	832	320	16	16	188
0	0	768	336	64	16	177
0	0	752	336	16	16	71
0	0	736	336	16	16	77
0	0	704	336	32	16	177
0	0	688	336	16	16	71
0	0	672	336	16	16	77
0	0	656	336	16	16	177
0	0	640	352	16	16	77
0	0	480	352	16	16	71
0	0	464	336	16	16	177
0	0	448	352	16	16	77
0	0	440	360	16	16	77
0	0	432	368	16	16	77
0	0	424	376	16	16	77
0	0	864	304	16	16	177
0	0	704	-16	32	352	444
0	0	480	256	16	16	185
0	0	640	256	16	16	187
0	0	496	264	144	8	194
0	0	480	224	176	16	387
0	0	496	216	8	24	396
0	0	520	216	8	24	397
0	0	504	216	16	24	398
0	0	496	208	32	8	489
0	0	600	248	32	16	49
0	0	800	320	32	8	489
0	0	808	328	16	24	398
0	0	824	328	8	24	397
0	0	800	328	8	24	396
0	0	592	368	8	8	61
0	0	768	376	8	8	61
0	0	840	384	8	8	59
0	0	648	376	120	8	60
0	0	768	368	8	8	58
0	0	832	352	8	24	57
0	0	832	376	8	8	59
0	0	864	392	8	8	59
0	0	848	384	16	8	60
0	0	872	400	8	8	59
0	0	880	408	8	8	59
0	0	888	416	8	8	59
0	0	896	424	8	8	59
0	0	640	376	8	8	59
0	0	584	376	8	8	61
0	0	448	376	136	8	60
0	0	440	384	8	8	61
0	0	432	392	8	8	61
0	0	424	400	8	8	61
0	0	416	408	8	8	61
0	0	392	376	8	24	397
0	0	368	376	8	24	396
0	0	368	368	32	8	489
0	0	376	376	16	24	398
0	0	400	408	8	8	59
0	0	408	408	8	8	60
0	0	344	408	8	8	61
0	0	336	416	8	8	61
0	0	328	424	8	16	58
0	0	336	440	8	8	56
0	0	344	448	8	8	56
0	0	328	472	8	8	56
0	0	848	312	48	40	502
0	0	456	440	240	40	502
0	0	784	360	8	8	61
0	0	848	352	48	16	505
0	0	856	368	32	8	523
0	0	840	344	8	16	503
0	0	896	344	8	16	504
0	0	904	432	8	80	57
0	0	896	512	8	8	54
0	0	888	520	8	8	54
0	0	888	528	8	48	57
0	0	752	536	32	8	60
0	0	744	536	8	8	59
0	0	736	528	8	8	59
0	0	728	520	8	8	59
0	0	720	512	8	8	59
0	0	784	536	8	8	61
0	0	792	528	8	8	61
0	0	800	520	8	8	61
0	0	808	512	8	8	61
0	0	728	512	8	8	52
0	0	800	512	8	8	53
0	0	840	376	8	8	52
0	0	864	384	8	8	52
0	0	872	392	8	8	52
0	0	880	400	8	8	52
0	0	888	408	8	8	52
0	0	896	416	8	8	52
0	0	904	424	8	8	52
0	0	904	512	8	8	50
0	0	896	520	8	8	50
0	0	856	600	48	40	502
0	0	824	680	8	16	503
0	0	888	576	8	8	59
0	0	896	584	8	8	59
0	0	896	672	8	8	54
0	0	888	680	8	8	54
0	0	888	688	8	16	57
0	0	880	704	8	8	54
0	0	872	712	8	8	54
0	0	872	720	8	24	57
0	0	864	744	8	8	54
0	0	816	760	40	8	55
0	0	904	672	8	8	50
0	0	896	680	8	8	50
0	0	888	704	8	8	50
0	0	880	712	8	8	50
0	0	872	744	8	8	50
0	0	856	760	8	8	50
0	0	896	576	8	8	52
0	0	904	584	8	8	52
0	0	672	720	48	16	505
0	0	736	752	48	16	505
0	0	680	736	32	8	523
0	0	744	768	32	8	523
0	0	720	712	8	16	504
0	0	784	744	8	16	504
0	0	728	744	8	16	503
0	0	712	704	32	8	55
0	0	360	632	96	40	502
0	0	640	504	8	8	56
0	0	648	512	8	8	56
0	0	656	520	8	8	56
0	0	552	504	8	8	54
0	0	544	512	8	8	54
0	0	536	520	8	8	54
0	0	528	528	8	8	54
0	0	520	536	8	8	54
0	0	512	544	8	8	54
0	0	504	552	8	8	54
0	0	504	560	8	80	57
0	0	688	552	8	8	56
0	0	504	640	8	8	59
0	0	512	648	8	8	59
0	0	520	656	8	8	59
0	0	528	664	8	8	59
0	0	536	672	8	8	59
0	0	544	680	8	8	59
0	0	552	688	8	8	59
0	0	688	640	8	8	61
0	0	680	648	8	8	61
0	0	672	656	8	8	61
0	0	664	664	8	8	61
0	0	656	672	8	8	61
0	0	648	680	8	8	61
0	0	640	688	8	8	61
0	0	560	688	80	8	60
0	0	528	576	8	48	58
0	0	536	568	8	8	61
0	0	544	560	8	8	61
0	0	552	552	8	8	61
0	0	560	544	8	8	61
0	0	568	536	8	8	61
0	0	536	624	8	8	56
0	0	544	632	8	8	56
0	0	552	640	8	8	56
0	0	560	648	8	8	56
0	0	568	656	8	8	56
0	0	576	664	48	8	55
0	0	624	656	8	8	54
0	0	632	648	8	8	54
0	0	640	648	8	8	54
0	0	648	632	8	8	54
0	0	656	624	8	8	54
0	0	664	576	8	48	57
0	0	656	568	8	8	59
0	0	648	560	8	8	59
0	0	640	552	8	8	59
0	0	632	544	8	8	59
0	0	624	536	8	8	59
0	0	576	528	48	8	60
0	0	568	528	8	8	53
0	0	560	536	8	8	53
0	0	552	544	8	8	53
0	0	544	552	8	8	53
0	0	536	560	8	8	53
0	0	528	568	8	8	53
0	0	680	640	8	8	53
0	0	672	648	8	8	53
0	0	664	656	8	8	53
0	0	656	664	8	8	53
0	0	648	672	8	8	53
0	0	640	680	8	8	53
0	0	552	680	8	8	52
0	0	544	672	8	8	52
0	0	536	664	8	8	52
0	0	528	656	8	8	52
0	0	520	648	8	8	52
0	0	512	640	8	8	52
0	0	624	528	8	8	52
0	0	632	536	8	8	52
0	0	640	544	8	8	52
0	0	648	552	8	8	52
0	0	656	560	8	8	52
0	0	664	568	8	8	52
0	0	640	512	8	8	51
0	0	648	520	8	8	51
0	0	656	528	8	8	51
0	0	528	624	8	8	51
0	0	536	632	8	8	51
0	0	544	640	8	8	51
0	0	552	648	8	8	51
0	0	560	656	8	8	51
0	0	568	664	8	8	51
0	0	552	512	8	8	50
0	0	544	520	8	8	50
0	0	536	528	8	8	50
0	0	528	536	8	8	50
0	0	520	544	8	8	50
0	0	512	552	8	8	50
0	0	664	624	8	8	50
0	0	656	632	8	8	50
0	0	648	640	8	8	50
0	0	640	648	8	8	50
0	0	632	656	8	8	50
0	0	576	536	48	40	502
0	0	552	584	96	40	502
0	0	576	576	48	16	505
0	0	560	560	8	8	546
0	0	616	656	8	8	546
0	0	648	568	8	8	545
0	0	648	496	8	8	545
0	0	440	376	8	8	53
0	0	432	384	8	8	53
0	0	424	392	8	8	53
0	0	416	400	8	8	53
0	0	336	408	8	8	53
0	0	328	416	8	8	53
0	0	328	440	8	8	51
0	0	336	448	8	8	51
0	0	328	480	8	8	51
0	0	456	720	216	8	55
0	0	448	720	8	8	54
0	0	440	728	8	8	54
0	0	432	736	8	8	54
0	0	432	744	8	16	57
0	0	392	752	8	8	56
0	0	448	728	8	8	50
0	0	440	736	8	8	50
0	0	432	760	8	8	50
0	0	416	776	8	8	50
0	0	392	760	8	8	51
0	0	336	752	8	8	54
0	0	328	752	8	8	54
0	0	320	760	8	8	54
0	0	312	768	8	8	54
0	0	280	776	32	8	55
0	0	272	776	8	8	56
0	0	264	768	8	8	56
0	0	256	760	8	8	56
0	0	248	752	8	8	56
0	0	240	744	8	8	56
0	0	232	736	8	8	56
0	0	224	728	8	8	56
0	0	216	720	8	8	56
0	0	176	696	8	8	56
0	0	168	680	8	16	58
0	0	176	672	8	8	61
0	0	184	664	8	8	61
0	0	208	656	8	8	61
0	0	216	648	8	8	61
0	0	224	640	8	8	61
0	0	232	632	16	8	60
0	0	248	632	8	8	61
0	0	256	624	8	8	61
0	0	264	616	8	8	61
0	0	272	608	8	8	61
0	0	280	600	8	8	61
0	0	280	568	8	32	58
0	0	288	560	8	8	61
0	0	296	552	16	8	60
0	0	312	560	8	8	59
0	0	320	568	8	8	59
0	0	328	568	16	8	60
0	0	344	568	8	8	61
0	0	360	552	8	8	61
0	0	352	560	8	8	61
0	0	360	496	8	56	58
0	0	568	712	48	40	502
0	0	456	712	48	40	502
0	0	336	720	48	40	502
0	0	256	760	48	40	502
0	0	256	648	48	40	502
0	0	144	688	48	16	505
0	0	256	800	48	16	505
0	0	336	760	48	16	505
0	0	456	752	48	16	505
0	0	568	752	48	16	505
0	0	304	792	8	16	504
0	0	384	752	8	16	504
0	0	504	744	8	16	504
0	0	136	680	8	16	503
0	0	248	792	8	16	503
0	0	328	752	8	16	503
0	0	448	744	8	16	503
0	0	560	744	8	16	503
0	0	152	704	32	8	523
0	0	264	816	32	8	523
0	0	344	776	32	8	523
0	0	464	768	32	8	523
0	0	576	768	32	8	523
0	0	616	744	8	16	504
0	0	320	416	48	40	502
0	0	352	552	8	8	53
0	0	344	560	8	8	53
0	0	288	552	8	8	53
0	0	280	560	8	8	53
0	0	272	600	8	8	53
0	0	264	608	8	8	53
0	0	256	616	8	8	53
0	0	248	624	8	8	53
0	0	224	632	8	8	53
0	0	216	640	8	8	53
0	0	208	720	8	8	51
0	0	216	728	8	8	51
0	0	224	736	8	8	51
0	0	232	744	8	8	51
0	0	240	752	8	8	51
0	0	320	768	8	8	50
0	0	312	776	8	8	50
0	0	320	560	8	8	52
0	0	312	552	8	8	52
0	0	776	360	8	8	53
0	0	824	360	8	8	62
0	0	784	408	8	8	62
0	0	864	400	8	8	62
0	0	624	384	8	8	62
0	0	504	416	8	8	62
0	0	496	504	8	8	62
0	0	752	560	8	8	62
0	0	824	624	8	8	62
0	0	872	552	8	8	62
0	0	728	664	8	8	62
0	0	504	688	8	8	62
0	0	456	608	8	8	62
0	0	384	440	8	8	62
0	0	408	512	8	8	62
0	0	296	568	8	8	62
0	0	328	600	8	8	62
0	0	232	656	8	8	62
0	0	240	688	8	8	62
0	0	296	728	8	8	62
0	0	408	744	8	8	62
0	0	408	704	8	8	62
0	0	232	672	8	8	63
0	0	256	736	8	8	63
0	0	336	640	8	8	63
0	0	304	568	8	8	63
0	0	312	752	8	8	63
0	0	424	712	8	8	63
0	0	504	656	8	8	63
0	0	504	512	8	8	63
0	0	408	504	8	8	63
0	0	488	408	8	8	63
0	0	376	432	8	8	63
0	0	624	392	8	8	63
0	0	592	408	8	8	63
0	0	800	376	8	8	63
0	0	856	400	8	8	63
0	0	792	416	8	8	63
0	0	680	400	8	8	63
0	0	880	552	8	8	63
0	0	800	624	8	8	63
0	0	760	568	8	8	63
0	0	728	656	8	8	63
0	0	792	696	8	8	63
0	0	656	616	8	8	63
0	0	552	568	8	8	63
0	0	624	704	8	8	63
0	0	544	712	8	8	63
0	0	792	736	8	8	546
0	0	792	600	8	8	546
0	0	712	640	8	8	546
0	0	880	504	8	8	546
0	0	776	688	8	8	546
0	0	552	704	8	8	546
0	0	472	552	8	8	546
0	0	408	696	8	8	546
0	0	392	560	8	8	546
0	0	384	552	8	8	546
0	0	440	392	8	8	546
0	0	464	408	8	8	546
0	0	632	408	8	8	546
0	0	824	368	8	8	546
0	0	296	616	8	8	546
0	0	232	704	8	8	546
0	0	248	712	8	8	546
0	0	320	752	8	8	546
0	0	232	664	8	8	545
0	0	312	688	8	8	545
0	0	352	608	8	8	545
0	0	424	704	8	8	545
0	0	400	752	8	8	545
0	0	512	712	8	8	545
0	0	440	608	8	8	545
0	0	464	656	8	8	545
0	0	472	648	8	8	545
0	0	528	512	8	8	545
0	0	512	520	8	8	545
0	0	632	696	8	8	545
0	0	720	680	8	8	545
0	0	784	696	8	8	545
0	0	696	592	8	8	545
0	0	856	544	8	8	545
0	0	888	424	8	8	545
0	0	768	408	8	8	545
0	0	688	416	8	8	545
0	0	784	368	8	8	545
0	0	552	400	8	8	545
0	0	360	472	8	8	545
0	0	432	448	8	8	545
0	0	904	800	8	8	284
0	0	752	808	160	8	194
0	0	872	800	32	8	464
0	0	864	800	8	8	283
0	0	752	792	112	8	259
0	0	752	800	112	8	265
0	0	736	800	16	16	185
0	0	720	784	16	16	185
0	0	704	768	16	16	185
0	0	736	784	16	16	272
0	0	720	768	16	16	272
0	0	712	760	16	16	272
0	0	728	776	16	16	272
0	0	912	784	16	16	219
0	0	624	664	8	8	50
0	0	648	752	48	8	464
0	0	640	752	8	8	283
0	0	616	760	16	16	271
0	0	608	768	16	16	271
0	0	640	760	64	8	194
0	0	624	768	16	16	187
0	0	608	784	16	16	187
0	0	368	792	240	8	194
0	0	448	784	160	8	265
0	0	368	784	32	8	265
0	0	400	784	8	8	283
0	0	408	784	32	8	464
0	0	440	784	8	8	284
0	0	448	776	160	8	259
0	0	352	784	16	16	271
0	0	344	792	16	16	271
0	0	336	800	16	16	271
0	0	328	808	16	16	271
0	0	320	816	16	16	271
0	0	352	800	16	16	187
0	0	336	816	16	16	187
0	0	320	832	16	16	187
0	0	240	824	80	8	259
0	0	240	832	80	8	265
0	0	240	840	80	8	194
0	0	224	848	16	128	186
0	0	224	832	16	16	185
0	0	208	816	16	16	185
0	0	192	800	16	16	185
0	0	176	784	16	16	185
0	0	160	768	16	16	185
0	0	144	752	16	16	185
0	0	128	736	16	16	185
0	0	112	720	16	16	185
0	0	224	816	16	16	272
0	0	208	800	16	16	272
0	0	192	784	16	16	272
0	0	176	768	16	16	272
0	0	160	752	16	16	272
0	0	144	736	16	16	272
0	0	128	720	16	16	272
0	0	136	728	16	16	272
0	0	152	744	16	16	272
0	0	168	760	16	16	272
0	0	184	776	16	16	272
0	0	200	792	16	16	272
0	0	216	808	16	16	272
0	0	120	712	16	16	272
0	0	208	928	16	16	21
0	0	208	912	16	16	278
0	0	208	848	16	64	27
0	0	208	832	16	16	224
0	0	192	816	16	16	186
0	0	176	800	16	16	186
0	0	160	784	16	16	186
0	0	144	768	16	16	186
0	0	128	752	16	16	186
0	0	112	736	16	16	186
0	0	192	832	16	16	21
0	0	176	816	16	16	21
0	0	160	800	16	16	21
0	0	128	768	16	16	21
0	0	112	752	16	16	21
0	0	96	752	16	16	22
0	0	112	768	16	16	22
0	0	144	800	16	16	22
0	0	160	816	16	16	22
0	0	176	832	16	16	22
0	0	192	848	16	16	22
0	0	80	672	16	64	20
0	0	112	672	8	48	130
0	0	96	736	16	16	21
0	0	80	736	16	16	22
0	0	96	720	16	16	278
0	0	96	672	16	48	27
0	0	112	656	16	16	90
0	0	128	640	16	16	90
0	0	144	624	16	16	90
0	0	160	608	16	16	90
0	0	176	592	16	16	90
0	0	192	576	16	16	90
0	0	208	560	16	16	90
0	0	224	544	16	16	90
0	0	240	528	16	16	90
0	0	256	512	16	16	90
0	0	272	496	16	16	90
0	0	288	480	16	16	90
0	0	120	664	16	16	269
0	0	128	656	16	16	269
0	0	136	648	16	16	269
0	0	144	640	16	16	269
0	0	152	632	16	16	269
0	0	160	624	16	16	269
0	0	168	616	16	16	269
0	0	176	608	16	16	269
0	0	184	600	16	16	269
0	0	192	592	16	16	269
0	0	200	584	16	16	269
0	0	208	576	16	16	269
0	0	216	568	16	16	269
0	0	224	560	16	16	269
0	0	232	552	16	16	269
0	0	240	544	16	16	269
0	0	248	536	16	16	269
0	0	256	528	16	16	269
0	0	264	520	16	16	269
0	0	272	512	16	16	269
0	0	280	504	16	16	269
0	0	288	496	16	16	269
0	0	296	488	16	16	269
0	0	304	480	16	16	269
0	0	96	656	16	16	280
0	0	112	640	16	16	280
0	0	128	624	16	16	280
0	0	144	608	16	16	280
0	0	160	592	16	16	280
0	0	176	576	16	16	280
0	0	192	560	16	16	280
0	0	208	544	16	16	280
0	0	224	528	16	16	280
0	0	240	512	16	16	280
0	0	256	496	16	16	280
0	0	272	480	16	16	280
0	0	256	480	16	16	30
0	0	240	496	16	16	30
0	0	224	512	16	16	30
0	0	208	528	16	16	30
0	0	192	544	16	16	30
0	0	176	560	16	16	30
0	0	160	576	16	16	30
0	0	144	592	16	16	30
0	0	128	608	16	16	30
0	0	112	624	16	16	30
0	0	96	640	16	16	30
0	0	80	656	16	16	30
0	0	272	400	16	80	20
0	0	288	400	16	80	27
0	0	304	448	8	16	503
0	0	304	400	8	80	130
0	0	288	384	16	16	224
0	0	272	384	16	16	21
0	0	352	400	8	8	61
0	0	344	400	8	8	53
0	0	480	240	16	16	610
0	0	640	240	16	16	609
0	0	632	248	16	16	609
0	0	632	256	8	8	443
0	0	592	256	8	8	613
0	0	584	248	16	16	610
0	0	496	256	96	8	265
0	0	496	248	96	8	614
0	0	320	272	16	16	610
0	0	400	272	16	16	609
0	0	320	288	16	16	185
0	0	320	296	16	24	566
0	0	400	288	16	16	187
0	0	400	296	16	24	568
0	0	336	280	32	8	614
0	0	336	296	64	8	194
0	0	336	288	32	8	265
0	0	368	288	8	8	613
0	0	392	280	16	16	609
0	0	392	288	8	8	443
0	0	336	312	64	16	567
0	0	456	384	144	16	628
0	0	464	400	32	8	629
0	0	512	400	32	8	629
0	0	560	400	32	8	629
0	0	448	376	8	16	626
0	0	600	376	8	16	627
0	0	336	248	8	24	396
0	0	360	248	8	24	397
0	0	344	248	16	24	398
0	0	336	240	32	8	489
0	0	320	96	96	16	387
0	0	320	112	16	16	610
0	0	400	112	16	16	609
0	0	320	128	16	16	185
0	0	320	136	16	24	566
0	0	400	128	16	16	187
0	0	400	136	16	24	568
0	0	336	136	64	8	194
0	0	360	120	16	16	609
0	0	360	128	8	8	443
0	0	336	152	64	16	567
0	0	368	88	8	24	396
0	0	392	88	8	24	397
0	0	376	88	16	24	398
0	0	368	80	32	8	489
0	0	328	120	16	16	610
0	0	368	120	32	8	614
0	0	368	128	32	8	265
0	0	336	128	8	8	613
0	0	592	256	8	8	613
0	0	632	384	144	16	628
0	0	624	376	8	16	626
0	0	776	376	8	16	627
0	0	640	400	32	8	629
0	0	688	400	32	8	629
0	0	736	400	32	8	629
0	0	664	712	8	16	503
0	0	552	624	96	16	628
0	0	696	576	48	16	628
0	0	792	576	48	16	628
0	0	816	528	48	16	628
0	0	856	640	48	16	628
0	0	832	688	48	16	628
0	0	808	736	48	16	628
0	0	744	568	8	16	627
0	0	864	520	8	16	627
0	0	840	568	8	16	627
0	0	880	680	8	16	627
0	0	856	728	8	16	627
0	0	904	632	8	16	627
0	0	800	744	8	8	56
0	0	808	752	8	8	56
0	0	856	752	8	8	54
0	0	864	752	8	8	50
0	0	800	752	8	8	51
0	0	808	760	8	8	51
0	0	816	752	32	8	629
0	0	840	704	32	8	629
0	0	864	656	32	8	629
0	0	824	544	32	8	629
0	0	800	592	32	8	629
0	0	704	592	32	8	629
0	0	800	728	8	16	626
0	0	784	568	8	16	626
0	0	840	480	48	16	628
0	0	888	472	8	16	627
0	0	456	480	240	16	628
0	0	464	496	32	8	629
0	0	512	496	32	8	629
0	0	560	496	32	8	629
0	0	608	496	32	8	629
0	0	656	496	32	8	629
0	0	664	536	8	8	51
0	0	672	544	8	8	51
0	0	680	552	8	8	51
0	0	672	528	48	16	628
0	0	664	520	8	16	626
0	0	688	568	8	16	626
0	0	680	544	32	8	629
0	0	560	640	32	8	629
0	0	608	640	32	8	629
0	0	648	616	8	16	627
0	0	544	616	8	16	626
0	0	640	640	8	8	54
0	0	192	680	8	16	504
0	0	384	744	8	8	56
0	0	256	688	48	16	628
0	0	360	672	96	16	628
0	0	408	576	48	16	628
0	0	432	528	48	16	628
0	0	480	520	8	16	627
0	0	456	568	8	16	627
0	0	456	664	8	16	627
0	0	304	680	8	16	627
0	0	248	680	8	16	626
0	0	352	664	8	16	626
0	0	264	704	32	8	629
0	0	368	688	32	8	629
0	0	416	688	32	8	629
0	0	416	592	32	8	629
0	0	440	544	32	8	629
0	0	320	456	48	16	628
0	0	328	472	32	8	629
0	0	312	448	8	16	626
0	0	336	480	8	8	56
0	0	360	488	8	8	56
0	0	344	488	16	8	55
0	0	336	488	8	8	51
0	0	200	664	8	8	61
0	0	192	664	8	8	53
0	0	200	656	8	8	53
0	0	208	648	8	8	53
0	0	208	712	8	8	56
0	0	200	704	8	8	56
0	0	200	712	8	8	51
0	0	192	704	8	8	51
0	0	320	472	8	8	51
0	0	176	928	16	16	23
0	0	160	928	16	48	188
0	0	176	880	16	32	25
0	0	176	912	16	16	276
0	0	144	944	16	32	128
0	0	144	928	16	16	224
0	0	128	928	16	16	457
0	0	128	912	16	16	453
0	0	160	912	16	16	187
0	0	144	912	16	16	185
0	0	168	880	8	32	125
0	0	128	896	16	16	451
0	0	144	904	8	8	465
0	0	136	896	8	8	465
0	0	128	888	8	8	465
0	0	152	912	8	8	465
0	0	160	912	8	8	463
0	0	160	880	8	32	58
0	0	128	880	8	8	470
0	0	136	888	8	8	470
0	0	144	896	8	8	470
0	0	152	904	8	8	470
0	0	160	872	8	8	461
0	0	152	864	8	8	461
0	0	144	856	8	8	461
0	0	136	856	8	8	460
0	0	144	864	8	8	468
0	0	152	872	8	8	468
0	0	176	864	16	16	29
0	0	160	848	16	16	29
0	0	144	832	16	16	29
0	0	176	848	16	16	28
0	0	160	832	16	16	28
0	0	72	840	64	16	277
0	0	128	864	32	32	527
0	0	128	856	8	8	281
0	0	64	856	64	8	266
0	0	64	864	64	8	260
0	0	0	864	16	8	260
0	0	0	856	16	8	266
0	0	0	848	16	8	119
0	0	-8	824	32	16	18
0	0	56	840	16	16	83
0	0	48	832	16	16	83
0	0	64	848	80	8	119
0	0	56	824	16	16	29
0	0	72	824	80	16	18
0	0	152	824	16	16	28
0	0	32	832	16	8	119
0	0	8	824	16	16	280
0	0	16	848	16	16	269
0	0	24	840	16	16	269
0	0	48	848	16	16	270
0	0	40	840	16	16	270
0	0	16	832	16	16	90
0	0	32	848	16	8	260
0	0	32	840	16	8	266
0	0	24	808	32	16	18
0	0	56	808	16	16	28
0	0	8	808	16	16	30
0	0	-24	960	144	40	502
0	0	0	912	96	40	502
0	0	192	384	16	16	23
0	0	192	400	16	80	19
0	0	176	464	16	16	276
0	0	176	400	16	64	25
0	0	176	384	16	16	223
0	0	160	400	8	64	273
0	0	168	400	8	64	125
0	0	160	464	16	16	187
0	0	144	480	16	16	187
0	0	128	496	16	16	187
0	0	112	512	16	16	187
0	0	96	528	16	16	187
0	0	80	544	16	16	187
0	0	64	560	16	16	187
0	0	48	576	16	16	187
0	0	32	592	16	16	187
0	0	16	608	16	16	187
0	0	0	624	16	16	187
0	0	0	608	16	16	271
0	0	16	592	16	16	271
0	0	32	576	16	16	271
0	0	48	560	16	16	271
0	0	64	544	16	16	271
0	0	80	528	16	16	271
0	0	96	512	16	16	271
0	0	112	496	16	16	271
0	0	128	480	16	16	271
0	0	144	464	16	16	271
0	0	136	472	16	16	271
0	0	120	488	16	16	271
0	0	104	504	16	16	271
0	0	88	520	16	16	271
0	0	72	536	16	16	271
0	0	56	552	16	16	271
0	0	40	568	16	16	271
0	0	24	584	16	16	271
0	0	8	600	16	16	271
0	0	160	480	16	16	188
0	0	144	496	16	16	188
0	0	128	512	16	16	188
0	0	112	528	16	16	188
0	0	96	544	16	16	188
0	0	80	560	16	16	188
0	0	64	576	16	16	188
0	0	48	592	16	16	188
0	0	32	608	16	16	188
0	0	16	624	16	16	188
0	0	0	640	16	16	188
0	0	0	656	16	16	23
0	0	16	640	16	16	23
0	0	32	624	16	16	23
0	0	48	608	16	16	23
0	0	64	592	16	16	23
0	0	80	576	16	16	23
0	0	96	560	16	16	23
0	0	112	544	16	16	23
0	0	128	528	16	16	23
0	0	144	512	16	16	23
0	0	160	496	16	16	23
0	0	176	480	16	16	23
0	0	192	480	16	16	24
0	0	176	496	16	16	24
0	0	160	512	16	16	24
0	0	144	528	16	16	24
0	0	128	544	16	16	24
0	0	112	560	16	16	24
0	0	96	576	16	16	24
0	0	80	592	16	16	24
0	0	64	608	16	16	24
0	0	48	624	16	16	24
0	0	32	640	16	16	24
0	0	16	656	16	16	24
0	0	0	672	16	32	19
0	0	0	704	16	16	24
0	0	128	792	16	16	10
0	0	120	800	16	16	10
0	0	120	776	16	16	10
0	0	96	808	16	16	10
0	0	64	816	16	16	10
0	0	88	768	16	16	10
0	0	64	736	16	16	10
0	0	40	784	16	16	10
0	0	8	696	16	16	10
0	0	72	600	16	16	10
0	0	112	576	16	16	10
0	0	168	560	16	16	10
0	0	184	488	16	16	10
0	0	144	528	16	16	10
0	0	240	472	16	16	10
0	0	200	448	16	16	10
0	0	264	424	16	16	10
0	0	128	808	16	16	10
0	0	120	816	16	16	10
0	0	128	824	16	16	10
0	0	-16	560	32	32	630
0	0	-16	528	32	32	630
0	0	-16	496	32	32	527
0	0	80	480	32	32	630
0	0	40	488	8	8	54
0	0	48	480	8	8	54
0	0	56	464	8	16	57
0	0	56	456	8	8	54
0	0	64	448	8	8	54
0	0	72	440	8	8	54
0	0	32	488	8	8	56
0	0	24	480	8	8	56
0	0	16	448	8	32	58
0	0	16	440	8	8	56
0	0	0	440	16	8	55
0	0	80	440	16	8	55
0	0	96	432	8	8	54
0	0	104	424	8	8	54
0	0	112	416	8	8	54
0	0	112	408	8	8	59
0	0	48	400	64	8	60
0	0	40	400	8	8	59
0	0	32	392	8	8	59
0	0	0	384	32	8	60
0	0	32	384	8	8	52
0	0	40	392	8	8	52
0	0	112	400	8	8	52
0	0	120	408	8	8	52
0	0	120	416	8	8	50
0	0	112	424	8	8	50
0	0	104	432	8	8	50
0	0	96	440	8	8	50
0	0	40	496	8	8	50
0	0	48	488	8	8	50
0	0	56	480	8	8	50
0	0	64	456	8	8	50
0	0	72	448	8	8	50
0	0	48	480	32	32	527
0	0	32	496	8	8	51
0	0	24	488	8	8	51
0	0	16	480	8	8	51
0	0	128	384	32	16	177
0	0	112	384	16	16	71
0	0	96	368	16	16	71
0	0	64	352	16	16	71
0	0	80	352	16	16	177
0	0	0	336	64	16	177
0	0	128	0	32	384	444
0	0	80	0	16	352	444
0	0	0	-16	64	352	444
0	0	160	0	64	384	448
0	0	160	384	16	16	188
0	0	208	0	64	384	275
0	0	368	912	16	16	185
0	0	448	912	16	16	187
0	0	384	920	64	8	194
0	0	376	904	16	16	610
0	0	368	896	16	16	610
0	0	440	904	16	16	609
0	0	448	896	16	16	609
0	0	384	912	8	8	613
0	0	440	912	8	8	443
0	0	576	912	16	16	187
0	0	512	920	64	8	194
0	0	496	896	16	16	610
0	0	504	904	16	16	610
0	0	576	896	16	16	609
0	0	568	904	16	16	609
0	0	568	912	8	8	443
0	0	512	912	8	8	613
0	0	368	880	96	16	387
0	0	496	880	96	16	387
0	0	400	872	8	24	396
0	0	408	872	16	24	398
0	0	424	872	8	24	397
0	0	512	872	8	24	396
0	0	520	872	16	24	398
0	0	536	872	8	24	397
0	0	544	872	8	24	396
0	0	552	872	16	24	398
0	0	568	872	8	24	397
0	0	400	864	32	8	489
0	0	512	864	32	8	489
0	0	544	864	32	8	489
0	0	368	920	16	24	566
0	0	448	920	16	24	568
0	0	576	920	16	24	568
0	0	384	936	64	16	567
0	0	512	936	64	16	567
0	0	496	912	16	16	185
0	0	496	920	16	24	566
0	0	120	904	8	8	741
0	0	120	888	8	16	742
0	0	120	880	8	8	743
0	0	192	864	16	16	777
0	0	208	0	64	384	778
0	0	208	384	64	16	779
0	0	872	808	8	168	810
0	0	896	808	8	168	811
0	0	880	808	16	168	812
0	0	880	784	16	16	525
0	0	120	672	8	48	274
0	0	136	840	16	8	228
0	0	40	824	16	8	228
0	0	24	824	16	8	227
0	0	792	352	8	8	61
0	0	784	352	8	8	53
0	0	632	744	8	8	481
0	0	640	744	8	8	483
0	0	696	744	8	8	481
0	0	704	744	8	8	483
0	0	32	856	16	24	872
0	0	24	848	8	32	869
0	0	32	848	16	8	871
0	0	48	848	8	32	870
0	0	48	512	16	8	867
0	0	64	512	8	32	866
0	0	40	512	8	32	865
0	0	48	520	16	24	868
0	0	296	512	16	8	867
0	0	312	512	8	32	866
0	0	288	512	8	32	865
0	0	296	520	16	24	868
0	0	256	544	32	32	527
0	0	344	512	32	32	527
0	0	320	544	32	32	527
0	0	328	480	32	32	527
0	0	416	768	16	16	525
0	0	400	760	32	8	55
0	0	552	584	96	40	511
0	0	376	520	32	16	525
0	0	896	440	16	16	525
0	0	528	744	16	16	525
0	0	208	744	16	16	525
0	0	232	600	16	16	525
0	0	320	792	16	8	36
0	0	176	736	16	8	36
0	0	208	616	16	8	36
0	0	256	584	16	16	37
0	0	224	776	16	16	37
0	0	528	736	16	8	36
0	0	224	416	16	8	11
0	0	256	448	16	8	11
0	0	184	520	16	8	11
0	0	48	672	16	8	11
0	0	16	752	16	8	11
0	0	96	792	16	8	11
0	0	168	832	8	8	12
0	0	48	752	8	8	12
0	0	8	792	8	8	12
0	0	56	696	8	8	12
0	0	88	624	8	8	12
0	0	136	568	8	8	12
0	0	208	512	8	8	12
0	0	240	432	8	8	12
0	0	248	400	8	8	12
0	0	784	776	16	8	36
0	0	888	736	16	8	36
0	0	896	552	16	8	36
0	0	400	400	8	8	57
0	0	672	680	48	40	502
0	0	736	712	48	40	502
0	0	808	696	48	40	502
0	0	832	648	48	40	502
0	0	792	536	48	40	502
0	0	696	536	48	40	502
0	0	672	488	48	40	502
0	0	816	488	48	40	502
0	0	432	488	48	40	502
0	0	408	536	48	40	502
0	0	384	584	48	40	502
0	0	144	648	48	40	502
0	0	840	440	48	40	502
0	0	760	480	16	16	681
0	0	712	464	24	8	55
0	0	800	464	24	8	55
0	0	824	464	8	8	56
0	0	704	464	8	8	54
0	0	704	472	8	16	57
0	0	824	472	8	16	58
0	0	720	480	16	8	36
0	0	800	480	16	8	36
0	0	704	440	32	24	714
0	0	800	440	32	24	714
0	0	736	424	64	56	1082
0	0	744	480	16	32	1085
0	0	776	480	16	32	1086
0	0	792	488	8	16	1090
0	0	736	488	8	16	1089
0	0	752	512	32	8	1087
0	0	760	496	16	16	1088
0	0	640	272	16	16	188
0	0	640	304	16	16	188
0	0	640	336	16	16	188
0	0	640	288	16	16	79
0	0	640	320	16	16	79
0	0	632	344	144	40	502
0	0	480	272	16	16	186
0	0	480	304	16	16	186
0	0	480	336	16	16	186
0	0	480	320	16	16	73
0	0	480	288	16	16	73
0	0	456	344	144	40	502
0	0	32	360	16	8	36
0	0	128	424	16	8	36
0	0	120	456	16	8	36
0	0	24	552	16	8	36
0	0	80	464	16	16	37
0	0	72	376	16	16	37
13	0	768	509	16	16	potion_shop_door_sensor	0
2	0	592	624	16	16	tmp	0	1	58	from_outside
13	0	584	677	48	32	inferno_sensor	0
10	0	544	880	32	16	iron_lock_tile	387	1
2	0	0	976	960	16	to_C2	0	2	4	_side
2	0	-16	0	16	976	to_B1	0	2	9	_side
6	0	408	792	32	8	jumper	6	120
6	0	392	920	48	8	jumper_2	6	152
6	0	520	920	48	8	jumper_3	6	152
6	0	648	760	48	8	jumper_4	6	264
6	0	600	264	32	8	jumper_5	6	120
6	0	376	296	16	8	jumper_6	6	120
6	0	344	136	16	8	jumper_7	6	152
4	0	888	797	4	_random	1	-1
2	0	0	-16	960	16	to_A2	0	2	10	_side
1	0	600	677	from_dungeon_6	3	0
2	0	592	648	16	16	to_dungeon_6	0	1	58	from_outside
1	0	40	877	from_inferno_river_maze	3	0
2	0	32	864	16	16	teletransporter_2	0	1	68	from_outside
19	0	32	864	stairs	1	3
1	0	56	541	from_cave_under_river_w	3	0
1	0	304	541	from_cave_under_river_e	3	0
2	0	48	528	16	16	teletransporter_3	0	1	74	from_oustide_w
2	0	296	528	16	16	teletransporter_4	0	1	74	from_oustide_e
19	0	48	528	stairs_2	1	3
19	0	296	528	stairs_3	1	3
4	0	424	781	4	_random	1	-1
1	0	528	909	from_fairy_cave_w	3	0
2	0	520	880	16	16	teletransporter_5	0	1	78	from_outside_w
1	0	560	909	from_fairy_cave_e	3	0
12	0	552	872	16	8	custom_obstacle	1	1	1	1
12	0	520	872	16	8	custom_obstacle_2	1	1	1	1
12	0	408	872	16	8	custom_obstacle_3	1	1	1	1
12	0	376	88	16	8	custom_obstacle_4	1	1	1	1
12	0	344	248	16	8	custom_obstacle_5	1	1	1	1
12	0	376	376	16	8	custom_obstacle_6	1	1	1	1
12	0	504	216	16	8	custom_obstacle_7	1	1	1	1
12	0	808	328	16	8	custom_obstacle_9	1	1	1	1
2	0	552	880	16	16	teletransporter_6	0	1	78	from_outside_e
10	0	544	864	32	16	iron_lock_tile_2	192	1
10	0	544	880	32	16	iron_lock_tile_3	909	1
8	0	560	893	iron_lock	3	0	_none	map
10	0	400	864	32	16	wooden_lock_tile_3	192	1
10	0	400	880	32	16	wooden_lock_tile	387	1
10	0	400	880	32	16	wooden_lock_tile_2	909	1
1	0	416	909	from_waterfall_cave	3	0
8	0	416	893	wooden_lock	3	0	_none	map
2	0	408	880	16	16	teletransporter_7	0	1	79	from_outside
1	0	816	365	from_junk_shop	3	0
2	0	808	336	16	16	teletransporter_8	0	1	84	from_outside
8	0	832	365	junk_shop_sign	3	0	entities/sign	dialog#outside_world.junk_shop_sign
8	0	600	645	inferno	3	1	npc/inferno	map
12	0	552	576	96	48	custom_obstacle_10	1	1	1	1
4	0	384	533	4	_random	1	-1
4	0	400	533	4	_random	1	-1
4	0	904	453	4	_random	1	-1
4	0	240	613	4	_random	1	-1
4	0	216	757	4	_random	1	-1
4	0	536	757	4	_random	1	-1
7	0	512	421	enemy	3	blue_knight_soldier	0	-1	_random	1	-1
7	0	776	621	enemy_2	3	red_knight_soldier	0	-1	_random	1	-1
7	0	224	701	enemy_3	3	blue_knight_soldier	0	-1	_random	1	-1
10	0	760	480	16	16	potion_shop_door	915	1
1	0	768	509	from_potion_shop	3	0
2	0	760	480	16	16	teletransporter_9	0	1	95	from_outside
1	0	384	413	from_east_mountains_cave_1f	3	0
2	0	376	384	16	16	teletransporter	0	1	111	from_outside
1	0	352	285	from_east_mountains_cave_2f_w	3	0
1	0	512	253	from_east_mountains_cave_2f_e	3	0
1	0	384	125	from_east_mountains_cave_3f	3	0
2	0	344	256	16	16	teletransporter_10	0	1	112	from_outside_w
2	0	504	224	16	16	teletransporter_11	0	1	112	from_outside_e
2	0	376	96	16	16	teletransporter_12	0	1	113	from_outside
0	2	800	688	8	40	513
0	2	624	336	8	40	513
0	2	840	304	8	40	513
0	2	776	336	8	40	514
0	2	896	304	8	40	514
0	2	632	328	144	16	512
0	2	848	296	48	16	512
0	2	632	344	144	40	511
0	2	848	312	48	40	511
0	2	456	344	144	40	511
0	2	456	328	144	16	512
0	2	600	336	8	40	514
0	2	448	336	8	40	513
0	2	456	424	240	16	512
0	2	456	440	240	40	511
0	2	888	432	8	40	514
0	2	792	536	48	40	511
0	2	696	536	48	40	511
0	2	672	488	48	40	511
0	2	864	480	8	40	514
0	2	840	528	8	40	514
0	2	744	528	8	40	514
0	2	720	480	8	40	514
0	2	672	472	48	16	512
0	2	696	520	48	16	512
0	2	664	480	8	40	513
0	2	688	528	8	40	513
0	2	784	528	8	40	513
0	2	808	480	8	40	513
0	2	856	600	48	40	511
0	2	832	648	48	40	511
0	2	856	584	48	16	512
0	2	832	632	48	16	512
0	2	904	592	8	40	514
0	2	880	640	8	40	514
0	2	824	640	8	40	513
0	2	848	592	8	40	513
0	2	808	696	48	40	511
0	2	808	680	48	16	512
0	2	856	688	8	40	514
0	2	672	680	48	40	511
0	2	736	712	48	40	511
0	2	720	672	8	40	514
0	2	784	704	8	40	514
0	2	664	672	8	40	513
0	2	728	704	8	40	513
0	2	672	664	48	16	512
0	2	736	696	48	16	512
0	2	432	488	48	40	511
0	2	408	536	48	40	511
0	2	384	584	48	40	511
0	2	360	632	96	40	511
0	2	432	472	48	16	512
0	2	408	520	48	16	512
0	2	384	568	48	16	512
0	2	360	616	96	16	512
0	2	480	480	8	40	514
0	2	456	528	8	40	514
0	2	432	576	8	40	514
0	2	456	624	8	40	514
0	2	448	432	8	40	513
0	2	424	480	8	40	513
0	2	400	528	8	40	513
0	2	376	576	8	40	513
0	2	352	624	8	40	513
0	2	576	536	48	40	511
0	2	576	520	48	16	512
0	2	552	568	96	16	512
0	2	568	528	8	40	513
0	2	544	576	8	40	513
0	2	648	576	8	40	514
0	2	624	528	8	40	514
0	2	144	648	48	40	511
0	2	256	648	48	40	511
0	2	256	760	48	40	511
0	2	336	720	48	40	511
0	2	456	712	48	40	511
0	2	568	712	48	40	511
0	2	192	640	8	40	514
0	2	304	640	8	40	514
0	2	304	752	8	40	514
0	2	384	712	8	40	514
0	2	504	704	8	40	514
0	2	136	640	8	40	513
0	2	248	640	8	40	513
0	2	248	752	8	40	513
0	2	328	712	8	40	513
0	2	448	704	8	40	513
0	2	560	704	8	40	513
0	2	144	632	48	16	512
0	2	256	632	48	16	512
0	2	256	744	48	16	512
0	2	336	704	48	16	512
0	2	456	696	48	16	512
0	2	568	696	48	16	512
0	2	616	704	8	40	514
0	2	368	408	8	40	514
0	2	320	400	48	16	512
0	2	312	408	8	40	513
0	2	320	416	48	40	511
0	2	0	896	96	16	512
0	2	0	912	96	40	511
0	2	-24	960	144	40	511
0	2	-24	944	144	16	512
0	2	96	904	8	40	514
0	2	120	952	8	40	514
0	2	552	576	24	48	1072
0	2	624	576	24	48	1073
0	2	696	432	8	40	514
0	2	832	432	8	40	513
0	2	840	424	48	16	512
0	2	840	440	48	40	511
0	2	816	488	48	40	511
0	2	816	472	48	16	512
0	2	792	520	48	16	512
