1152	1216	5	1	0	0	245	12	castle.spc
0	1	792	176	304	48	644
0	1	1096	160	24	64	50
0	1	984	224	128	128	644
0	1	792	168	304	8	179
0	1	960	40	112	64	613
0	1	960	40	8	8	14
0	1	960	96	8	8	16
0	1	1064	96	8	8	17
0	1	1064	40	8	8	15
0	1	968	40	96	8	179
0	1	968	96	96	8	236
0	1	960	48	8	48	237
0	1	1064	48	8	48	238
0	1	776	144	320	24	49
0	1	776	232	192	24	52
0	1	960	16	112	24	49
0	1	784	304	128	80	613
0	1	880	384	32	48	613
0	1	880	432	224	368	613
0	1	976	800	128	144	613
0	1	912	304	8	128	238
0	1	792	296	128	8	179
0	1	784	304	8	80	237
0	1	856	408	24	400	51
0	1	936	400	176	24	49
0	1	1112	424	24	528	50
0	1	920	424	192	8	179
0	1	1024	488	64	8	70
0	1	1016	488	8	8	69
0	1	1088	488	8	8	69
0	1	944	520	8	64	71
0	1	976	944	144	24	52
0	1	968	592	8	64	71
0	1	880	392	8	400	237
0	1	896	592	8	88	71
0	1	880	792	96	8	236
0	1	880	800	80	24	52
0	1	928	680	40	8	70
0	1	992	784	8	136	71
0	1	976	800	8	144	237
0	1	1064	808	8	112	71
0	1	1104	424	8	512	238
0	1	976	936	128	8	236
0	1	432	40	8	48	238
0	1	360	80	80	8	236
0	1	232	40	208	8	179
0	1	232	16	208	24	49
0	1	440	16	24	24	46
0	1	440	40	24	48	50
0	1	440	88	24	24	48
0	1	376	88	64	24	52
0	1	432	40	8	8	15
0	1	432	80	8	8	17
0	1	40	16	128	24	49
0	1	136	24	8	16	73
0	1	112	24	8	16	72
0	1	408	24	8	16	73
0	1	384	24	8	16	72
0	1	1000	24	8	16	73
0	1	976	24	8	16	72
0	1	16	16	24	24	45
0	1	168	16	24	24	46
0	1	168	40	24	48	50
0	1	168	88	24	24	48
0	1	16	40	24	208	51
0	1	104	88	64	24	52
0	1	88	104	24	16	50
0	1	88	88	24	24	53
0	1	88	120	24	128	50
0	1	120	24	16	16	190
0	1	40	40	8	8	14
0	1	48	40	112	8	179
0	1	160	40	8	8	15
0	1	160	48	8	32	238
0	1	160	80	8	8	17
0	1	80	80	80	8	236
0	1	80	80	8	128	238
0	1	80	80	8	8	241
0	1	40	48	8	192	237
0	1	392	24	16	16	190
0	1	984	24	16	16	190
0	1	208	16	24	24	45
0	1	208	40	24	96	51
0	1	232	40	8	112	237
0	1	128	128	24	24	45
0	1	128	152	24	96	51
0	1	152	152	8	96	237
0	1	152	128	64	24	49
0	1	208	128	24	24	56
0	1	152	152	80	8	179
0	1	232	152	8	8	239
0	1	152	152	8	8	14
0	1	232	40	8	8	14
0	1	1112	944	24	24	48
0	1	952	944	24	24	47
0	1	1104	936	8	8	17
0	1	976	936	8	8	16
0	1	1040	944	16	16	336
0	1	1032	944	8	16	334
0	1	1056	944	8	16	335
0	1	1024	920	8	8	69
0	1	1040	896	8	8	69
0	1	1016	896	8	8	69
0	1	992	920	8	8	69
0	1	992	872	8	8	69
0	1	1016	872	8	8	69
0	1	1040	848	8	8	69
0	1	1016	848	8	8	69
0	1	1040	856	8	40	71
0	1	1000	920	24	8	70
0	1	1024	896	16	8	70
0	1	1000	872	16	8	70
0	1	1064	920	8	8	69
0	1	1088	920	8	8	69
0	1	1088	896	8	8	69
0	1	1104	896	8	8	69
0	1	1064	872	8	8	69
0	1	1088	872	8	8	69
0	1	1088	848	8	8	69
0	1	1104	848	8	8	69
0	1	1096	848	8	8	70
0	1	1072	872	16	8	70
0	1	1096	896	8	8	70
0	1	1072	920	16	8	70
0	1	1088	824	8	8	69
0	1	1104	824	8	8	69
0	1	1096	824	8	8	70
0	1	1024	848	16	8	70
0	1	1064	824	8	8	69
0	1	1048	824	16	8	70
0	1	1040	824	8	8	69
0	1	952	816	24	128	51
0	1	1088	784	8	40	71
0	1	1064	800	8	8	69
0	1	1088	776	8	8	69
0	1	1072	776	16	8	70
0	1	1064	776	8	8	69
0	1	1104	752	8	8	69
0	1	1096	752	8	8	70
0	1	1088	752	8	8	69
0	1	1088	544	8	208	71
0	1	992	776	8	8	69
0	1	976	776	16	8	70
0	1	968	776	8	8	69
0	1	952	800	24	24	54
0	1	976	792	8	8	242
0	1	1016	752	8	8	69
0	1	1000	752	16	8	70
0	1	992	752	8	8	69
0	1	1040	728	8	8	69
0	1	1024	728	16	8	70
0	1	1016	728	8	8	69
0	1	1064	704	8	8	69
0	1	1048	704	16	8	70
0	1	1040	704	8	8	69
0	1	1072	680	16	8	70
0	1	1064	680	8	8	69
0	1	1064	712	8	64	71
0	1	1040	736	8	88	71
0	1	1016	760	8	88	71
0	1	1088	680	8	8	69
0	1	968	736	8	40	71
0	1	968	728	8	8	69
0	1	952	728	16	8	70
0	1	944	728	8	8	69
0	1	944	688	8	40	71
0	1	944	680	8	8	69
0	1	944	736	8	56	71
0	1	944	792	8	8	69
0	1	920	680	8	8	69
0	1	968	680	8	8	69
0	1	992	704	8	8	69
0	1	976	704	16	8	70
0	1	968	704	8	8	69
0	1	1016	680	8	8	69
0	1	1000	680	16	8	70
0	1	992	680	8	8	69
0	1	1024	656	40	8	70
0	1	1016	656	8	8	69
0	1	992	712	8	40	71
0	1	968	688	8	16	71
0	1	1016	688	8	40	71
0	1	1040	664	8	40	71
0	1	992	616	8	64	71
0	1	1016	616	8	40	71
0	1	1000	608	64	8	70
0	1	992	608	8	8	69
0	1	1040	656	8	8	69
0	1	1064	656	8	8	69
0	1	1048	632	40	8	70
0	1	1040	632	8	8	69
0	1	1088	632	8	8	69
0	1	1016	608	8	8	69
0	1	1064	608	8	8	69
0	1	928	752	16	8	70
0	1	920	752	8	8	69
0	1	920	712	8	40	71
0	1	944	752	8	8	69
0	1	920	792	8	8	69
0	1	920	776	8	8	69
0	1	896	776	8	8	69
0	1	896	728	8	8	69
0	1	896	736	8	40	71
0	1	904	776	16	8	70
0	1	920	784	8	8	71
0	1	920	704	8	8	69
0	1	880	704	8	8	69
0	1	888	704	32	8	70
0	1	856	800	24	24	47
0	1	880	792	8	8	16
0	1	920	640	8	40	71
0	1	920	632	8	8	69
0	1	904	632	16	8	70
0	1	896	632	8	8	69
0	1	896	680	8	8	69
0	1	896	584	8	8	69
0	1	944	656	8	8	69
0	1	968	656	8	8	69
0	1	968	584	8	8	69
0	1	920	608	8	8	69
0	1	928	608	40	8	70
0	1	968	608	8	8	69
0	1	952	656	16	8	70
0	1	1064	568	8	40	71
0	1	1064	560	8	8	69
0	1	1088	536	8	8	69
0	1	1040	584	8	8	69
0	1	976	584	64	8	70
0	1	976	536	112	8	70
0	1	1040	544	8	40	71
0	1	920	568	8	40	71
0	1	904	560	16	8	70
0	1	896	496	8	64	71
0	1	920	560	8	8	69
0	1	896	560	8	8	69
0	1	896	536	8	8	69
0	1	904	536	40	8	70
0	1	944	536	8	8	69
0	1	944	584	8	8	69
0	1	952	560	64	8	70
0	1	944	560	8	8	69
0	1	944	512	8	8	69
0	1	1040	536	8	8	69
0	1	968	536	8	8	69
0	1	1016	560	8	8	69
0	1	944	448	8	40	71
0	1	944	488	8	8	69
0	1	944	440	8	8	69
0	1	920	472	8	40	71
0	1	920	512	8	8	69
0	1	920	464	8	8	69
0	1	896	488	8	8	69
0	1	880	464	8	8	69
0	1	888	464	32	8	70
0	1	920	440	8	8	69
0	1	880	440	8	8	69
0	1	888	440	32	8	70
0	1	968	448	8	88	71
0	1	952	440	88	8	70
0	1	968	440	8	8	69
0	1	992	472	8	40	71
0	1	992	512	8	8	69
0	1	992	464	8	8	69
0	1	1000	464	16	8	70
0	1	1016	464	8	8	69
0	1	1104	512	8	8	69
0	1	1000	512	104	8	70
0	1	1040	448	8	40	71
0	1	1040	488	8	8	69
0	1	1040	440	8	8	69
0	1	1072	464	32	8	70
0	1	1104	464	8	8	69
0	1	1064	432	8	32	71
0	1	1064	464	8	8	69
0	1	1064	424	8	8	69
0	1	1112	400	24	24	46
0	1	1104	424	8	8	15
0	1	920	432	8	8	71
0	1	920	424	8	8	69
0	1	896	376	8	64	71
0	1	896	440	8	8	69
0	1	896	368	8	8	69
0	1	920	296	24	112	50
0	1	920	400	24	24	55
0	1	808	368	88	8	70
0	1	800	368	8	8	69
0	1	784	392	80	24	52
0	1	856	392	24	24	54
0	1	760	392	24	24	47
0	1	760	296	24	96	51
0	1	912	312	8	8	69
0	1	880	312	8	8	69
0	1	888	312	24	8	70
0	1	776	272	144	24	49
0	1	760	272	24	24	45
0	1	920	272	24	24	46
0	1	784	296	8	8	14
0	1	912	296	8	8	15
0	1	784	384	8	8	16
0	1	792	384	96	8	236
0	1	880	384	8	8	242
0	1	912	424	8	8	240
0	1	936	16	24	24	45
0	1	1072	16	24	24	46
0	1	936	40	24	64	51
0	1	936	104	24	24	47
0	1	960	104	112	24	52
0	1	1072	40	24	64	50
0	1	1072	104	24	24	48
0	1	760	232	24	24	47
0	1	760	144	24	24	45
0	1	760	168	24	64	51
0	1	808	304	48	40	589
0	1	800	304	8	40	567
0	1	856	304	8	40	567
0	1	800	344	64	8	567
0	1	960	248	24	112	51
0	1	960	232	24	24	54
0	1	960	360	24	24	47
0	1	1112	360	24	24	48
0	1	1096	144	24	24	46
0	1	1112	240	24	128	50
0	1	984	360	128	24	52
0	1	1024	40	32	8	287
0	1	1032	48	16	24	290
0	1	1048	48	8	24	289
0	1	1024	48	8	24	288
0	1	784	168	8	8	14
0	1	784	224	8	8	16
0	1	784	176	8	48	237
0	1	1088	168	8	8	15
0	1	792	224	192	8	236
0	1	1104	240	8	112	238
0	1	984	232	8	128	237
0	1	984	224	8	8	242
0	1	1104	352	8	8	17
0	1	984	352	8	8	16
0	1	992	352	112	8	236
0	1	768	192	16	16	82
0	1	768	208	16	8	80
0	1	768	184	16	8	78
0	1	1016	248	8	8	69
0	1	1016	224	8	8	69
0	1	1032	248	8	8	69
0	1	1024	248	8	8	70
0	1	1016	232	8	16	71
0	1	1024	224	8	8	70
0	1	1032	232	8	16	71
0	1	1056	232	8	8	69
0	1	1072	232	8	8	69
0	1	1064	232	8	8	70
0	1	1104	288	8	8	69
0	1	984	288	120	8	70
0	1	984	288	8	8	69
0	1	792	192	160	16	589
0	1	792	184	160	8	567
0	1	792	208	160	8	567
0	1	952	184	8	32	567
0	1	976	224	8	8	69
0	1	976	208	8	8	69
0	1	992	208	8	8	69
0	1	1008	184	8	8	69
0	1	976	184	8	8	69
0	1	1008	168	8	8	69
0	1	1008	176	8	8	71
0	1	976	216	8	8	71
0	1	984	208	8	8	70
0	1	984	184	24	8	70
0	1	976	168	8	8	69
0	1	976	176	8	8	71
0	1	1048	184	8	8	69
0	1	1048	208	8	8	69
0	1	1048	192	8	16	71
0	1	992	224	8	8	69
0	1	984	224	8	8	70
0	1	992	216	8	8	71
0	1	1032	224	8	8	69
0	1	800	152	32	16	337
0	1	912	152	32	16	337
0	1	800	232	32	16	339
0	1	912	232	32	16	339
0	1	1072	208	8	8	69
0	1	1056	208	16	8	70
0	1	1056	184	16	8	70
0	1	1072	192	8	16	71
0	1	1072	184	8	8	69
0	1	984	168	24	8	70
0	1	1032	320	32	32	652
0	1	1056	344	8	8	245
0	1	1056	328	8	16	250
0	1	1040	320	16	8	247
0	1	1056	320	8	8	244
0	1	1032	320	8	8	243
0	1	1032	328	8	16	248
0	1	1032	344	8	8	246
0	1	1040	344	16	8	249
0	1	1032	320	32	32	628
0	1	1072	272	8	8	69
0	1	1072	280	8	8	71
0	1	992	272	80	8	70
0	1	984	272	8	8	69
0	1	984	280	8	8	71
0	1	1072	288	8	8	69
0	1	1056	248	8	8	69
0	1	1056	240	8	8	71
0	1	1064	248	8	8	70
0	1	1072	248	8	8	69
0	1	1072	240	8	8	71
0	1	1072	304	16	16	276
0	1	1008	304	16	16	276
0	1	1056	192	16	16	276
0	1	1112	216	24	24	46
0	1	1104	240	8	8	15
0	1	1096	216	24	24	55
0	1	1088	240	16	8	179
0	1	1088	176	8	64	238
0	1	1088	240	8	8	240
1	1	1032	941	destination_point	-1	1
1	1	1048	941	destination_point_2	-1	1
1	1	1064	941	destination_point_3	-1	1
5	1	816	296	chest	1	feather	1	504
9	1	1048	349	block_2	-1	0	0
17	1	1088	285	2
17	1	1104	269	4
17	1	1088	253	6
1	1	1088	269	tmp	3	0
17	1	1096	309	6
17	1	1096	325	6
17	1	1096	341	4
17	1	1080	341	4
0	2	1008	960	96	8	560
0	2	112	16	32	8	551
0	2	120	16	16	8	556
0	2	0	0	1152	16	170
0	2	0	16	16	1184	170
0	2	384	16	32	8	551
0	2	392	16	16	8	556
0	2	976	16	32	8	551
0	2	984	16	16	8	556
0	2	192	16	16	96	170
0	2	112	112	96	16	170
0	2	112	128	16	120	170
0	2	1032	960	32	8	153
0	2	1096	16	40	128	170
0	2	0	1200	1152	16	170
0	2	1136	16	16	1184	170
0	2	760	184	8	32	160
0	2	944	272	16	112	170
0	2	944	384	192	16	170
0	2	760	256	200	16	170
0	2	1120	144	16	72	170
